[0, 1, 1]
[1, 2, -1]
[1, 2, -1]
[3, 4, 1]
[3, 5, 1]
[3, 6, 1]
[3, 7, 1]
[3, 8, 1]
[3, 9, 1]
[3, 10, 1]
[3, 11, 1]
[3, 12, 1]
[12, 13, -1]
[3, 14, 1]
[14, 15, -1]
[14, 16, -1]
[14, 16, -1]
[14, 17, -1]
[14, 16, -1]
[14, 16, -1]
[3, 18, -1]
[19, 20, 1]
[20, 21, -1]
[20, 21, -1]
[22, 23, 1]
[23, 24, -1]
[23, 25, -1]
[22, 26, 1]
[26, 27, -1]
[28, 29, 1]
[29, 30, -1]
[31, 32, 1]
[32, 33, -1]
[34, 35, 1]
[35, 36, -1]
[37, 38, 1]
[38, 39, -1]
[37, 40, 1]
[40, 41, -1]
[37, 42, 1]
[42, 43, -1]
[44, 45, 1]
[45, 46, -1]
[47, 48, 1]
[48, 49, -1]
[48, 49, -1]
[48, 50, -1]
[51, 52, 1]
[52, 53, -1]
[54, 55, 1]
[55, 56, -1]
[55, 56, -1]
[55, 57, -1]
[58, 59, 1]
[58, 60, 1]
[60, 61, -1]
[60, 62, -1]
[58, 63, -1]
[58, 63, -1]
[64, 65, 1]
[65, 66, -1]
[65, 67, -1]
[68, 69, 1]
[69, 70, -1]
[69, 70, -1]
[71, 72, 1]
[71, 73, -1]
[74, 75, 1]
[75, 76, -1]
[74, 77, 1]
[77, 78, -1]
[79, 80, 1]
[80, 81, -1]
[80, 82, -1]
[83, 84, 1]
[84, 85, -1]
[86, 87, 1]
[87, 88, -1]
[86, 89, 1]
[89, 90, -1]
[86, 91, 1]
[91, 92, -1]
[86, 76, 1]
[93, 94, 1]
[94, 95, -1]
[94, 95, -1]
[94, 96, -1]
[97, 98, 1]
[97, 99, -1]
[100, 101, 1]
[101, 102, -1]
[103, 104, 1]
[104, 105, -1]
[104, 106, -1]
[107, 108, 1]
[108, 109, -1]
[110, 111, 1]
[111, 112, -1]
[111, 113, -1]
[114, 115, 1]
[115, 116, -1]
[117, 118, 1]
[118, 119, -1]
[120, 121, 1]
[120, 122, 1]
[120, 123, -1]
[124, 125, 1]
[125, 126, -1]
[127, 128, 1]
[128, 129, -1]
[127, 128, 1]
[130, 131, 1]
[131, 132, -1]
[131, 132, -1]
[133, 134, 1]
[134, 135, -1]
[134, 135, -1]
[134, 135, -1]
[134, 136, -1]
[137, 138, 1]
[138, 139, -1]
[140, 141, 1]
[141, 142, -1]
[143, 144, 1]
[144, 145, -1]
[146, 80, 1]
[147, 148, 1]
[148, 149, -1]
[148, 149, -1]
[147, 150, 1]
[150, 151, -1]
[152, 153, 1]
[153, 154, -1]
[155, 156, 1]
[155, 157, -1]
[158, 159, 1]
[159, 160, -1]
[158, 161, 1]
[158, 162, 1]
[162, 163, -1]
[158, 164, 1]
[164, 165, -1]
[158, 166, 1]
[166, 167, -1]
[158, 168, 1]
[168, 169, -1]
[158, 170, -1]
[158, 170, -1]
[171, 172, 1]
[171, 173, 1]
[173, 174, -1]
[171, 175, -1]
[171, 176, -1]
[177, 178, 1]
[178, 179, -1]
[177, 180, 1]
[180, 181, -1]
[182, 183, 1]
[183, 184, -1]
[182, 183, 1]
[182, 185, 1]
[185, 186, -1]
[187, 188, 1]
[188, 189, -1]
[190, 134, 1]
[191, 192, 1]
[192, 193, -1]
[192, 194, -1]
[192, 195, -1]
[196, 197, 1]
[197, 198, -1]
[197, 199, -1]
[200, 201, 1]
[201, 202, -1]
[203, 204, 1]
[204, 205, -1]
[204, 206, -1]
[204, 205, -1]
[207, 208, 1]
[208, 209, -1]
[207, 210, 1]
[210, 211, -1]
[212, 213, 1]
[213, 214, -1]
[212, 215, 1]
[215, 216, -1]
[217, 218, 1]
[217, 219, -1]
[217, 219, -1]
[220, 221, 1]
[221, 222, -1]
[223, 224, 1]
[224, 225, -1]
[223, 135, 1]
[226, 227, 1]
[227, 228, -1]
[229, 230, 1]
[230, 231, -1]
[229, 201, 1]
[229, 232, 1]
[232, 233, -1]
[229, 234, 1]
[234, 235, -1]
[236, 237, 1]
[237, 238, -1]
[237, 239, -1]
[237, 136, -1]
[237, 136, -1]
[237, 136, -1]
[240, 241, 1]
[241, 242, -1]
[243, 244, 1]
[244, 245, -1]
[244, 246, -1]
[244, 247, -1]
[248, 249, 1]
[249, 250, -1]
[251, 170, 1]
[252, 253, 1]
[253, 254, -1]
[255, 256, 1]
[256, 257, -1]
[258, 259, 1]
[259, 260, -1]
[259, 260, -1]
[259, 260, -1]
[258, 261, -1]
[262, 263, 1]
[263, 264, -1]
[263, 264, -1]
[263, 265, -1]
[263, 266, -1]
[263, 267, -1]
[263, 268, -1]
[269, 270, 1]
[270, 271, -1]
[272, 273, 1]
[273, 274, -1]
[273, 275, -1]
[276, 277, 1]
[277, 278, -1]
[279, 280, 1]
[279, 281, 1]
[281, 282, -1]
[279, 283, 1]
[279, 284, 1]
[279, 285, 1]
[285, 286, -1]
[285, 286, -1]
[285, 287, -1]
[279, 288, 1]
[279, 281, 1]
[279, 289, -1]
[290, 249, 1]
[291, 292, 1]
[292, 293, -1]
[292, 293, -1]
[294, 295, 1]
[295, 296, -1]
[297, 16, 1]
[298, 299, 1]
[298, 300, -1]
[301, 250, 1]
[302, 80, 1]
[303, 2, 1]
[303, 145, 1]
[303, 145, 1]
[303, 76, 1]
[304, 250, 1]
[305, 53, 1]
[305, 306, 1]
[306, 307, -1]
[308, 309, 1]
[308, 310, -1]
[311, 312, 1]
[312, 313, -1]
[314, 315, 1]
[315, 316, -1]
[315, 316, -1]
[317, 318, 1]
[318, 319, -1]
[317, 234, 1]
[320, 250, 1]
[321, 45, 1]
[322, 323, 1]
[323, 324, -1]
[325, 78, 1]
[326, 75, 1]
[327, 328, 1]
[328, 329, -1]
[330, 331, 1]
[330, 332, 1]
[332, 333, -1]
[330, 334, 1]
[330, 335, 1]
[330, 199, -1]
[336, 337, 1]
[337, 338, -1]
[339, 340, 1]
[340, 2, -1]
[340, 341, -1]
[342, 244, 1]
[343, 344, 1]
[344, 345, -1]
[344, 346, -1]
[344, 345, -1]
[344, 345, -1]
[347, 348, 1]
[348, 349, -1]
[348, 349, -1]
[347, 350, 1]
[350, 351, -1]
[347, 352, 1]
[352, 353, -1]
[354, 355, 1]
[355, 356, -1]
[357, 358, 1]
[358, 359, -1]
[360, 361, 1]
[361, 362, -1]
[360, 361, 1]
[363, 364, 1]
[364, 365, -1]
[366, 367, 1]
[367, 368, -1]
[367, 368, -1]
[367, 369, -1]
[367, 368, -1]
[370, 371, 1]
[370, 372, 1]
[370, 373, 1]
[370, 124, 1]
[370, 374, 1]
[370, 375, 1]
[370, 126, -1]
[376, 377, 1]
[377, 378, -1]
[376, 379, 1]
[379, 380, -1]
[376, 381, 1]
[381, 382, -1]
[381, 382, -1]
[383, 384, 1]
[384, 385, -1]
[384, 386, -1]
[383, 387, 1]
[387, 388, -1]
[389, 390, 1]
[390, 391, -1]
[389, 392, 1]
[392, 393, -1]
[389, 394, 1]
[394, 395, -1]
[394, 396, -1]
[397, 398, 1]
[398, 399, -1]
[400, 401, 1]
[401, 402, -1]
[401, 403, -1]
[404, 405, 1]
[405, 406, -1]
[405, 407, -1]
[408, 409, 1]
[409, 410, -1]
[411, 412, 1]
[412, 413, -1]
[414, 415, 1]
[415, 416, -1]
[415, 417, -1]
[414, 415, 1]
[418, 419, 1]
[419, 420, -1]
[419, 420, -1]
[418, 421, 1]
[421, 422, -1]
[421, 423, -1]
[424, 425, 1]
[425, 426, -1]
[424, 427, 1]
[427, 428, -1]
[429, 430, 1]
[429, 367, 1]
[429, 431, 1]
[429, 193, 1]
[429, 432, -1]
[433, 434, 1]
[434, 435, -1]
[433, 337, 1]
[436, 437, 1]
[436, 438, 1]
[436, 439, 1]
[436, 439, 1]
[436, 440, 1]
[440, 441, -1]
[436, 442, 1]
[436, 443, -1]
[444, 445, 1]
[445, 247, -1]
[446, 447, 1]
[447, 448, -1]
[447, 448, -1]
[447, 448, -1]
[447, 448, -1]
[447, 448, -1]
[447, 448, -1]
[447, 448, -1]
[449, 450, 1]
[450, 451, -1]
[452, 453, 1]
[453, 454, -1]
[453, 454, -1]
[455, 456, 1]
[456, 457, -1]
[455, 458, 1]
[458, 459, -1]
[460, 461, 1]
[461, 462, -1]
[463, 464, 1]
[464, 465, -1]
[466, 467, 1]
[467, 468, -1]
[469, 470, 1]
[470, 471, -1]
[470, 472, -1]
[470, 471, -1]
[473, 474, 1]
[474, 475, -1]
[473, 474, 1]
[476, 477, 1]
[476, 478, -1]
[479, 480, 1]
[480, 481, -1]
[482, 483, 1]
[483, 484, -1]
[485, 486, 1]
[486, 487, -1]
[488, 489, 1]
[489, 490, -1]
[491, 492, 1]
[492, 493, -1]
[494, 495, 1]
[495, 496, -1]
[494, 497, -1]
[498, 499, 1]
[499, 500, -1]
[501, 345, 1]
[502, 503, 1]
[503, 504, -1]
[503, 505, -1]
[506, 507, 1]
[507, 508, -1]
[506, 509, 1]
[509, 510, -1]
[511, 512, 1]
[512, 513, -1]
[514, 515, 1]
[515, 516, -1]
[517, 518, 1]
[518, 519, -1]
[520, 521, 1]
[521, 522, -1]
[523, 227, 1]
[523, 524, -1]
[525, 245, 1]
[525, 246, 1]
[525, 526, 1]
[526, 527, -1]
[528, 529, 1]
[529, 530, -1]
[531, 148, 1]
[532, 533, 1]
[533, 534, -1]
[532, 535, 1]
[535, 536, -1]
[532, 537, -1]
[538, 55, 1]
[539, 540, 1]
[540, 541, -1]
[540, 541, -1]
[539, 542, 1]
[542, 543, -1]
[539, 544, 1]
[544, 545, -1]
[546, 263, 1]
[546, 547, 1]
[547, 548, -1]
[546, 549, 1]
[549, 550, -1]
[546, 551, 1]
[551, 552, -1]
[546, 553, 1]
[546, 554, 1]
[546, 555, 1]
[555, 556, -1]
[555, 557, -1]
[555, 557, -1]
[546, 558, -1]
[559, 198, 1]
[559, 560, 1]
[560, 561, -1]
[562, 563, 1]
[563, 564, -1]
[562, 565, 1]
[565, 566, -1]
[567, 307, 1]
[568, 115, 1]
[569, 75, 1]
[570, 571, 1]
[571, 572, -1]
[571, 572, -1]
[573, 574, 1]
[574, 575, -1]
[573, 576, 1]
[576, 577, -1]
[578, 579, 1]
[579, 580, -1]
[581, 582, 1]
[582, 583, -1]
[582, 584, -1]
[582, 585, -1]
[582, 585, -1]
[586, 292, 1]
[587, 515, 1]
[588, 589, 1]
[589, 590, -1]
[591, 592, 1]
[592, 593, -1]
[594, 595, 1]
[595, 596, -1]
[595, 597, -1]
[598, 599, 1]
[599, 600, -1]
[601, 602, 1]
[601, 603, -1]
[604, 605, 1]
[605, 606, -1]
[605, 606, -1]
[607, 82, 1]
[608, 199, 1]
[608, 609, -1]
[610, 611, 1]
[611, 612, -1]
[613, 614, 1]
[614, 615, -1]
[613, 614, 1]
[613, 616, 1]
[613, 605, 1]
[613, 617, -1]
[618, 1, 1]
[619, 150, 1]
[620, 475, 1]
[620, 621, 1]
[620, 622, 1]
[620, 623, 1]
[623, 624, -1]
[620, 625, 1]
[620, 626, 1]
[620, 318, 1]
[620, 627, 1]
[627, 628, -1]
[620, 629, 1]
[629, 630, -1]
[620, 631, 1]
[631, 632, -1]
[620, 633, -1]
[634, 635, 1]
[634, 636, 1]
[634, 637, 1]
[634, 638, 1]
[634, 639, 1]
[634, 640, -1]
[641, 642, 1]
[641, 643, 1]
[641, 644, -1]
[645, 646, 1]
[646, 647, -1]
[646, 648, -1]
[649, 650, 1]
[650, 651, -1]
[652, 653, 1]
[653, 654, -1]
[652, 653, 1]
[655, 201, 1]
[656, 75, 1]
[657, 658, 1]
[658, 659, -1]
[658, 660, -1]
[657, 661, 1]
[661, 662, -1]
[661, 662, -1]
[663, 664, 1]
[664, 665, -1]
[666, 667, 1]
[667, 668, -1]
[667, 668, -1]
[669, 378, 1]
[670, 671, 1]
[671, 672, -1]
[671, 672, -1]
[670, 673, 1]
[673, 674, -1]
[673, 674, -1]
[675, 676, 1]
[676, 677, -1]
[678, 80, 1]
[679, 680, 1]
[679, 680, 1]
[679, 681, -1]
[682, 249, 1]
[683, 684, 1]
[683, 685, -1]
[686, 282, 1]
[687, 688, 1]
[688, 689, -1]
[690, 629, 1]
[690, 629, 1]
[690, 691, 1]
[691, 692, -1]
[693, 694, 1]
[693, 695, 1]
[695, 696, -1]
[693, 697, 1]
[697, 698, -1]
[697, 699, -1]
[693, 700, 1]
[693, 701, 1]
[701, 702, -1]
[693, 701, 1]
[693, 703, 1]
[693, 367, 1]
[693, 480, 1]
[693, 704, 1]
[704, 705, -1]
[693, 706, -1]
[693, 706, -1]
[707, 708, 1]
[708, 709, -1]
[711, 712, 1]
[712, 713, -1]
[711, 714, 1]
[714, 715, -1]
[714, 716, -1]
[711, 550, 1]
[711, 717, 1]
[711, 718, -1]
[719, 720, 1]
[720, 721, -1]
[719, 721, 1]
[719, 722, 1]
[719, 723, 1]
[723, 724, -1]
[723, 724, -1]
[723, 725, -1]
[719, 726, 1]
[719, 727, 1]
[727, 728, -1]
[719, 729, 1]
[719, 730, 1]
[719, 731, 1]
[719, 732, 1]
[719, 733, 1]
[719, 734, 1]
[719, 735, 1]
[719, 736, 1]
[719, 737, 1]
[719, 738, 1]
[719, 739, 1]
[719, 740, 1]
[719, 741, 1]
[719, 742, -1]
[744, 745, 1]
[745, 746, -1]
[747, 338, 1]
[748, 749, 1]
[749, 750, -1]
[751, 752, 1]
[752, 753, -1]
[754, 96, 1]
[755, 756, 1]
[756, 757, -1]
[756, 757, -1]
[755, 264, 1]
[755, 756, 1]
[758, 759, 1]
[759, 760, -1]
[759, 761, -1]
[759, 760, -1]
[759, 760, -1]
[759, 760, -1]
[759, 762, -1]
[759, 761, -1]
[759, 763, -1]
[759, 764, -1]
[759, 765, -1]
[759, 760, -1]
[758, 766, -1]
[767, 260, 1]
[768, 769, 1]
[769, 770, -1]
[768, 771, 1]
[768, 772, 1]
[768, 773, 1]
[768, 774, 1]
[768, 627, 1]
[768, 775, -1]
[777, 141, 1]
[778, 779, 1]
[779, 780, -1]
[779, 780, -1]
[779, 780, -1]
[778, 781, 1]
[778, 782, 1]
[778, 783, 1]
[778, 784, 1]
[778, 785, 1]
[785, 786, -1]
[785, 786, -1]
[785, 786, -1]
[778, 787, 1]
[778, 788, 1]
[778, 789, 1]
[778, 790, 1]
[778, 791, 1]
[778, 792, 1]
[778, 793, 1]
[778, 794, 1]
[778, 795, 1]
[778, 796, 1]
[778, 32, 1]
[778, 797, -1]
[778, 798, -1]
[799, 800, 1]
[800, 801, -1]
[799, 800, 1]
[799, 800, 1]
[799, 802, 1]
[802, 801, -1]
[802, 803, -1]
[799, 802, 1]
[799, 804, -1]
[805, 806, 1]
[805, 807, 1]
[807, 808, -1]
[807, 809, -1]
[807, 810, -1]
[807, 811, -1]
[805, 812, 1]
[805, 813, 1]
[813, 814, -1]
[805, 815, 1]
[815, 816, -1]
[805, 817, 1]
[817, 818, -1]
[805, 819, -1]
[820, 48, 1]
[820, 821, 1]
[821, 15, -1]
[821, 822, -1]
[823, 824, 1]
[824, 825, -1]
[824, 826, -1]
[824, 826, -1]
[827, 828, 1]
[828, 829, -1]
[830, 831, 1]
[831, 832, -1]
[831, 833, -1]
[830, 834, 1]
[834, 835, -1]
[834, 836, -1]
[834, 835, -1]
[834, 836, -1]
[837, 838, 1]
[838, 839, -1]
[838, 840, -1]
[838, 839, -1]
[841, 842, 1]
[842, 843, -1]
[844, 845, 1]
[845, 846, -1]
[847, 123, 1]
[848, 849, 1]
[849, 850, -1]
[851, 852, 1]
[852, 853, -1]
[851, 852, 1]
[854, 855, 1]
[855, 856, -1]
[857, 391, 1]
[857, 858, 1]
[858, 859, -1]
[860, 861, 1]
[861, 862, -1]
[863, 650, 1]
[864, 422, 1]
[864, 865, -1]
[866, 867, 1]
[867, 868, -1]
[867, 868, -1]
[869, 786, 1]
[870, 871, 1]
[871, 872, -1]
[873, 688, 1]
[873, 647, 1]
[875, 876, 1]
[876, 877, -1]
[876, 225, -1]
[878, 879, 1]
[879, 880, -1]
[879, 881, -1]
[882, 883, 1]
[883, 884, -1]
[882, 885, 1]
[885, 886, -1]
[887, 671, 1]
[888, 138, 1]
[889, 890, 1]
[890, 891, -1]
[889, 595, 1]
[889, 892, 1]
[892, 893, -1]
[889, 378, 1]
[894, 895, 1]
[894, 896, 1]
[894, 764, -1]
[897, 898, 1]
[898, 899, -1]
[900, 901, 1]
[901, 902, -1]
[900, 903, -1]
[904, 905, 1]
[905, 906, -1]
[907, 908, 1]
[908, 909, -1]
[910, 911, 1]
[911, 912, -1]
[913, 671, 1]
[914, 915, 1]
[915, 916, -1]
[917, 918, 1]
[918, 919, -1]
[920, 413, 1]
[921, 922, 1]
[922, 923, -1]
[924, 925, 1]
[925, 926, -1]
[924, 927, 1]
[927, 928, -1]
[929, 930, 1]
[930, 931, -1]
[929, 930, 1]
[929, 932, 1]
[932, 933, -1]
[934, 935, 1]
[935, 936, -1]
[937, 938, 1]
[938, 939, -1]
[940, 293, 1]
[941, 831, 1]
[942, 943, 1]
[943, 944, -1]
[942, 651, 1]
[945, 946, 1]
[946, 947, -1]
[948, 949, 1]
[949, 950, -1]
[951, 952, 1]
[952, 953, -1]
[954, 955, 1]
[955, 956, -1]
[955, 957, -1]
[958, 959, 1]
[959, 960, -1]
[959, 961, -1]
[958, 583, 1]
[963, 964, 1]
[964, 965, -1]
[964, 965, -1]
[964, 965, -1]
[966, 967, 1]
[966, 968, 1]
[968, 969, -1]
[966, 970, 1]
[970, 971, -1]
[966, 972, 1]
[972, 973, -1]
[966, 974, 1]
[974, 975, -1]
[966, 974, 1]
[966, 976, -1]
[966, 976, -1]
[977, 968, 1]
[977, 978, 1]
[978, 979, -1]
[977, 980, 1]
[980, 981, -1]
[977, 978, 1]
[977, 982, 1]
[982, 983, -1]
[977, 968, 1]
[977, 984, 1]
[984, 985, -1]
[977, 984, 1]
[977, 978, 1]
[977, 986, 1]
[986, 987, -1]
[977, 673, 1]
[988, 989, 1]
[989, 990, -1]
[988, 991, 1]
[988, 992, -1]
[993, 994, 1]
[994, 995, -1]
[996, 368, 1]
[997, 998, 1]
[998, 999, -1]
[1000, 614, 1]
[1001, 1002, 1]
[1002, 1003, -1]
[1002, 1004, -1]
[1005, 1006, 1]
[1005, 1007, 1]
[1005, 1008, 1]
[1005, 1009, 1]
[1005, 1010, 1]
[1005, 1011, 1]
[1005, 1012, 1]
[1005, 1013, 1]
[1005, 1014, 1]
[1005, 1015, 1]
[1005, 620, 1]
[1005, 474, -1]
[1016, 1017, 1]
[1017, 1018, -1]
[1019, 535, 1]
[1020, 661, 1]
[1020, 1021, 1]
[1021, 1022, -1]
[1023, 1024, 1]
[1024, 1025, -1]
[1026, 899, 1]
[1026, 821, 1]
[1026, 65, 1]
[1027, 691, 1]
[1028, 984, 1]
[1028, 1029, 1]
[1029, 1030, -1]
[1031, 250, 1]
[1032, 1033, 1]
[1033, 1034, -1]
[1033, 1034, -1]
[1033, 1034, -1]
[1035, 1036, 1]
[1036, 1037, -1]
[1036, 1037, -1]
[1036, 1038, -1]
[1036, 1039, -1]
[1036, 1037, -1]
[1036, 1037, -1]
[1035, 1036, 1]
[1040, 1041, 1]
[1041, 1042, -1]
[1041, 1042, -1]
[1041, 1042, -1]
[1041, 1042, -1]
[1041, 633, -1]
[1041, 1043, -1]
[1040, 1044, 1]
[1044, 1045, -1]
[1046, 250, 1]
[1047, 16, 1]
[1048, 232, 1]
[1049, 862, 1]
[1051, 922, 1]
[1052, 949, 1]
[1053, 1054, 1]
[1053, 1055, 1]
[1055, 1056, -1]
[1053, 1057, -1]
[1058, 1059, 1]
[1059, 1060, -1]
[1061, 720, 1]
[1061, 721, 1]
[1061, 722, 1]
[1061, 723, 1]
[1061, 726, 1]
[1061, 727, 1]
[1061, 729, 1]
[1061, 730, 1]
[1061, 731, 1]
[1061, 732, 1]
[1061, 733, 1]
[1061, 734, 1]
[1061, 735, 1]
[1061, 736, 1]
[1061, 737, 1]
[1061, 738, 1]
[1061, 739, 1]
[1061, 740, 1]
[1061, 741, 1]
[1061, 1062, 1]
[1062, 1063, -1]
[1061, 742, -1]
[1064, 1065, 1]
[1065, 1066, -1]
[1067, 337, 1]
[1068, 1069, 1]
[1069, 1070, -1]
[1071, 1072, 1]
[1072, 1073, -1]
[1074, 1075, -1]
[1074, 1076, -1]
[1077, 1078, 1]
[1077, 1079, 1]
[1077, 1080, 1]
[1077, 1081, -1]
[1082, 1083, 1]
[1083, 1084, -1]
[1085, 194, 1]
[1087, 1088, 1]
[1087, 60, 1]
[1087, 582, 1]
[1087, 1089, -1]
[1090, 1091, 1]
[1091, 1092, -1]
[1093, 952, 1]
[1094, 80, 1]
[1095, 1096, 1]
[1096, 1097, -1]
[1096, 1097, -1]
[1096, 1097, -1]
[1098, 197, 1]
[1099, 1100, 1]
[1100, 1101, -1]
[1102, 1103, 1]
[1103, 1104, -1]
[1105, 1106, 1]
[1106, 1107, -1]
[1108, 1, 1]
[1108, 1034, 1]
[1108, 1, 1]
[1109, 1110, 1]
[1110, 1111, -1]
[1112, 802, 1]
[1112, 1113, 1]
[1113, 1114, -1]
[1115, 1116, 1]
[1116, 1117, -1]
[1115, 1118, 1]
[1118, 1119, -1]
[1120, 1121, 1]
[1121, 1122, -1]
[1121, 1123, -1]
[1121, 1124, -1]
[1125, 1126, 1]
[1126, 225, -1]
[1126, 225, -1]
[1127, 752, 1]
[1128, 583, 1]
[1129, 1130, 1]
[1130, 1131, -1]
[1129, 662, 1]
[1132, 1133, 1]
[1133, 225, -1]
[1134, 1135, 1]
[1135, 1136, -1]
[1137, 979, 1]
[1137, 1111, 1]
[1138, 40, 1]
[1138, 1139, 1]
[1139, 1140, -1]
[1141, 1142, 1]
[1142, 364, -1]
[1142, 1143, -1]
[1144, 1145, 1]
[1145, 1146, -1]
[1144, 1147, 1]
[1147, 1148, -1]
[1147, 1148, -1]
[1149, 1150, 1]
[1150, 1151, -1]
[1152, 1153, 1]
[1153, 1154, -1]
[1155, 1156, 1]
[1156, 1157, -1]
[1158, 1159, 1]
[1159, 1160, -1]
[1158, 1161, 1]
[1158, 1162, 1]
[1158, 1163, 1]
[1158, 1164, 1]
[1158, 1165, 1]
[1158, 1158, 1]
[1158, 1159, 1]
[1158, 1160, -1]
[1166, 1167, 1]
[1166, 1168, 1]
[1166, 1169, 1]
[1166, 48, 1]
[1166, 1170, -1]
[1172, 1173, 1]
[1173, 1174, -1]
[1175, 1130, 1]
[1175, 1176, 1]
[1176, 1177, -1]
[1175, 128, 1]
[1178, 1179, 1]
[1179, 1180, -1]
[1179, 1180, -1]
[1181, 778, 1]
[1182, 752, 1]
[1182, 648, 1]
[1182, 1183, 1]
[1183, 1184, -1]
[1183, 420, -1]
[1183, 1184, -1]
[1182, 1183, 1]
[1185, 1186, 1]
[1186, 1187, -1]
[1185, 1188, 1]
[1188, 1189, -1]
[1185, 1190, 1]
[1190, 1191, -1]
[1185, 1192, 1]
[1192, 170, -1]
[1192, 170, -1]
[1185, 1193, 1]
[1193, 1194, -1]
[1185, 447, 1]
[1185, 1195, 1]
[1185, 1196, 1]
[1185, 1197, 1]
[1185, 1198, 1]
[1198, 1199, -1]
[1198, 1199, -1]
[1185, 1200, 1]
[1185, 1201, 1]
[1201, 1202, -1]
[1185, 415, 1]
[1185, 1203, 1]
[1185, 1204, 1]
[1185, 1205, 1]
[1205, 1206, -1]
[1185, 1207, 1]
[1185, 1208, 1]
[1185, 1209, 1]
[1185, 1210, 1]
[1210, 1211, -1]
[1210, 1211, -1]
[1185, 1212, 1]
[1212, 1213, -1]
[1185, 1214, 1]
[1214, 1215, -1]
[1185, 356, 1]
[1185, 1216, 1]
[1216, 1217, -1]
[1185, 1218, 1]
[1218, 1219, -1]
[1185, 507, 1]
[1185, 55, 1]
[1185, 349, 1]
[1185, 1220, 1]
[1220, 1221, -1]
[1185, 596, 1]
[1185, 1222, 1]
[1222, 1223, -1]
[1222, 1224, -1]
[1185, 944, 1]
[1185, 1225, 1]
[1225, 1226, -1]
[1225, 1227, -1]
[1185, 281, 1]
[1185, 1228, 1]
[1228, 1229, -1]
[1228, 912, -1]
[1185, 1230, 1]
[1230, 1231, -1]
[1185, 1060, 1]
[1185, 817, 1]
[1185, 1232, 1]
[1185, 1233, 1]
[1185, 596, 1]
[1185, 1193, 1]
[1185, 1234, -1]
[1185, 1234, -1]
[1185, 194, -1]
[1185, 195, -1]
[1185, 323, -1]
[1235, 1236, 1]
[1236, 1237, -1]
[1238, 1083, 1]
[1238, 56, 1]
[1239, 1240, 1]
[1239, 1241, 1]
[1239, 1242, -1]
[1243, 1244, 1]
[1244, 1245, -1]
[1243, 1246, 1]
[1243, 815, -1]
[1247, 535, 1]
[1248, 306, 1]
[1248, 96, 1]
[1249, 1250, 1]
[1249, 1251, 1]
[1249, 1252, 1]
[1252, 1253, -1]
[1249, 1254, -1]
[1255, 1256, 1]
[1255, 1257, 1]
[1257, 1258, -1]
[1257, 1258, -1]
[1257, 391, -1]
[1257, 1259, -1]
[1255, 1260, 1]
[1255, 1261, 1]
[1255, 1262, 1]
[1255, 1263, 1]
[1255, 1264, 1]
[1264, 1265, -1]
[1255, 1266, -1]
[1255, 1265, -1]
[1255, 1267, -1]
[1268, 1269, 1]
[1269, 1270, -1]
[1271, 80, 1]
[1272, 413, 1]
[1273, 260, 1]
[1273, 596, 1]
[1274, 982, 1]
[1275, 188, 1]
[1276, 998, 1]
[1277, 1278, 1]
[1278, 1279, -1]
[1277, 281, 1]
[1280, 116, 1]
[1281, 1282, 1]
[1282, 1283, -1]
[1284, 852, 1]
[1285, 197, 1]
[1286, 57, 1]
[1287, 1288, 1]
[1288, 1289, -1]
[1287, 1288, 1]
[1287, 1290, -1]
[1291, 1292, 1]
[1292, 1293, -1]
[1292, 1293, -1]
[1294, 1244, 1]
[1295, 1296, 1]
[1295, 1297, 1]
[1295, 487, -1]
[1298, 1299, 1]
[1299, 1300, -1]
[1298, 1301, 1]
[1301, 1302, -1]
[1298, 955, 1]
[1303, 661, 1]
[1303, 1304, 1]
[1303, 1305, 1]
[1303, 1306, 1]
[1303, 1307, 1]
[1303, 1308, 1]
[1303, 1309, -1]
[1310, 1176, 1]
[1310, 1311, 1]
[1311, 1312, -1]
[1313, 1314, 1]
[1314, 1315, -1]
[1316, 250, 1]
[1317, 1318, 1]
[1317, 1319, 1]
[1317, 1320, 1]
[1320, 1321, -1]
[1317, 1322, 1]
[1322, 1323, -1]
[1317, 1324, 1]
[1317, 1325, 1]
[1317, 1113, 1]
[1317, 1326, -1]
[1327, 250, 1]
[1328, 1329, 1]
[1328, 1330, 1]
[1330, 1331, -1]
[1328, 1332, 1]
[1328, 1333, 1]
[1328, 1334, 1]
[1328, 1335, 1]
[1335, 1336, -1]
[1335, 1337, -1]
[1328, 1338, -1]
[1339, 1340, 1]
[1340, 1341, -1]
[1339, 1342, 1]
[1342, 1343, -1]
[1344, 1345, 1]
[1345, 1346, -1]
[1347, 250, 1]
[1348, 1349, 1]
[1349, 1350, -1]
[1351, 250, 1]
[1352, 961, 1]
[1353, 1213, 1]
[1354, 1355, 1]
[1355, 1356, -1]
[1355, 1357, -1]
[1358, 1258, 1]
[1359, 211, 1]
[1360, 1361, 1]
[1361, 1362, -1]
[1363, 293, 1]
[1364, 1365, 1]
[1365, 1366, -1]
[1364, 1367, 1]
[1367, 1368, -1]
[1369, 1370, 1]
[1369, 1371, 1]
[1369, 1372, 1]
[1369, 1373, -1]
[1374, 1322, 1]
[1374, 583, 1]
[1375, 927, 1]
[1376, 1377, 1]
[1377, 1378, -1]
[1379, 1380, 1]
[1380, 1381, -1]
[1379, 1380, 1]
[1382, 1133, 1]
[1383, 144, 1]
[1384, 1385, 1]
[1384, 1386, -1]
[1387, 1388, 1]
[1388, 1389, -1]
[1390, 1391, 1]
[1390, 1392, 1]
[1390, 1393, 1]
[1393, 1394, -1]
[1390, 1395, -1]
[1396, 746, 1]
[1397, 1398, 1]
[1398, 1399, -1]
[1400, 753, 1]
[1401, 1402, 1]
[1402, 1403, -1]
[1402, 1404, -1]
[1405, 84, 1]
[1406, 1407, 1]
[1407, 1408, -1]
[1409, 676, 1]
[1409, 1410, 1]
[1410, 1411, -1]
[1409, 804, -1]
[1412, 1065, 1]
[1413, 1414, 1]
[1414, 1415, -1]
[1416, 1417, 1]
[1416, 1418, -1]
[1419, 1420, 1]
[1419, 1421, 1]
[1419, 582, 1]
[1419, 1422, -1]
[1419, 1422, -1]
[1419, 1422, -1]
[1423, 659, 1]
[1424, 1425, 1]
[1424, 1426, 1]
[1424, 1427, -1]
[1428, 1429, 1]
[1429, 1430, -1]
[1429, 1431, -1]
[1428, 808, 1]
[1432, 1252, 1]
[1433, 1434, 1]
[1434, 1435, -1]
[1434, 1435, -1]
[1436, 1267, 1]
[1437, 1438, 1]
[1438, 1439, -1]
[1437, 1440, -1]
[1442, 95, 1]
[1443, 329, 1]
[1444, 461, 1]
[1445, 144, 1]
[1446, 1447, 1]
[1447, 1448, -1]
[1446, 1199, 1]
[1446, 1199, 1]
[1449, 60, 1]
[1449, 1450, 1]
[1450, 340, -1]
[1450, 260, -1]
[1449, 1451, 1]
[1449, 1452, 1]
[1449, 1453, -1]
[1454, 221, 1]
[1454, 1455, 1]
[1455, 1456, -1]
[1455, 1456, -1]
[1457, 89, 1]
[1458, 88, 1]
[1459, 135, 1]
[1460, 274, 1]
[1461, 1462, 1]
[1462, 1463, -1]
[1461, 1464, 1]
[1464, 1465, -1]
[1466, 1253, 1]
[1467, 250, 1]
[1468, 1252, 1]
[1469, 260, 1]
[1470, 1135, 1]
[1471, 1472, 1]
[1472, 1473, -1]
[1474, 831, 1]
[1475, 250, 1]
[1476, 1477, 1]
[1476, 1478, 1]
[1476, 1479, 1]
[1476, 1480, -1]
[1476, 1481, -1]
[1482, 584, 1]
[1483, 1484, 1]
[1484, 1485, -1]
[1486, 980, 1]
[1486, 1487, 1]
[1486, 1488, -1]
[1489, 671, 1]
[1490, 16, 1]
[1491, 1492, 1]
[1492, 1493, -1]
[1494, 646, 1]
[1495, 16, 1]
[1496, 1107, 1]
[1497, 249, 1]
[1498, 250, 1]
[1499, 1500, 1]
[1500, 1189, -1]
[1501, 1502, 1]
[1501, 1503, -1]
[1504, 1505, 1]
[1504, 1506, -1]
[1507, 1508, 1]
[1508, 1509, -1]
[1510, 1511, 1]
[1511, 1512, -1]
[1513, 1244, 1]
[1514, 1107, 1]
[1515, 1516, 1]
[1516, 1517, -1]
[1515, 1518, 1]
[1518, 1519, -1]
[1520, 1521, 1]
[1521, 1522, -1]
[1523, 1037, 1]
[1524, 1525, 1]
[1525, 1526, -1]
[1527, 1528, 1]
[1528, 1529, -1]
[1528, 1530, -1]
[1527, 507, 1]
[1531, 1532, 1]
[1532, 1533, -1]
[1534, 224, 1]
[1535, 1536, 1]
[1536, 1537, -1]
[1538, 1508, 1]
[1539, 574, 1]
[1540, 1103, 1]
[1541, 646, 1]
[1542, 78, 1]
[1542, 1241, 1]
[1542, 415, 1]
[1542, 415, 1]
[1542, 1543, -1]
[1544, 1545, 1]
[1544, 1546, 1]
[1544, 1547, 1]
[1544, 1548, 1]
[1544, 1549, 1]
[1549, 1550, -1]
[1544, 1551, -1]
[1552, 1553, 1]
[1553, 1554, -1]
[1553, 1554, -1]
[1555, 84, 1]
[1556, 412, 1]
[1557, 898, 1]
[1558, 1559, 1]
[1558, 1560, -1]
[1561, 1562, 1]
[1562, 1563, -1]
[1561, 1564, 1]
[1561, 1522, 1]
[1561, 1562, 1]
[1561, 1565, -1]
[1566, 467, 1]
[1566, 1567, 1]
[1567, 1568, -1]
[1566, 1569, 1]
[1569, 1570, -1]
[1571, 1116, 1]
[1572, 753, 1]
[1573, 1574, 1]
[1574, 1575, -1]
[1576, 1577, 1]
[1577, 1578, -1]
[1579, 661, 1]
[1580, 257, 1]
[1581, 1582, 1]
[1582, 1583, -1]
[1582, 1583, -1]
[1584, 1585, 1]
[1585, 1586, -1]
[1587, 139, 1]
[1588, 1589, 1]
[1589, 1590, -1]
[1588, 1591, 1]
[1591, 1592, -1]
[1593, 1594, 1]
[1593, 1595, 1]
[1593, 1596, 1]
[1593, 1597, 1]
[1593, 556, 1]
[1593, 1350, 1]
[1593, 883, 1]
[1593, 1598, 1]
[1598, 1599, -1]
[1593, 1600, 1]
[1600, 1601, -1]
[1593, 1602, 1]
[1602, 1603, -1]
[1593, 629, 1]
[1593, 1231, 1]
[1593, 1604, 1]
[1604, 1605, -1]
[1593, 1606, -1]
[1607, 1608, 1]
[1608, 1609, -1]
[1610, 134, 1]
[1610, 197, 1]
[1610, 1574, 1]
[1611, 1560, 1]
[1612, 1613, 1]
[1613, 1004, -1]
[1614, 1615, 1]
[1615, 1616, -1]
[1615, 1617, -1]
[1615, 1618, -1]
[1619, 1620, 1]
[1619, 1620, 1]
[1619, 1621, 1]
[1619, 1622, -1]
[1623, 1624, 1]
[1624, 1625, -1]
[1626, 1627, 1]
[1627, 1628, -1]
[1629, 345, 1]
[1630, 1631, 1]
[1631, 1632, -1]
[1630, 1633, 1]
[1633, 1634, -1]
[1635, 1636, 1]
[1635, 1637, 1]
[1635, 1638, 1]
[1635, 1639, 1]
[1635, 420, 1]
[1635, 1640, -1]
[1635, 1641, -1]
[1642, 821, 1]
[1642, 1643, 1]
[1643, 1644, -1]
[1645, 1646, 1]
[1646, 1647, -1]
[1645, 1648, 1]
[1648, 1649, -1]
[1645, 1650, -1]
[1651, 80, 1]
[1652, 752, 1]
[1652, 1653, 1]
[1653, 1654, -1]
[1652, 1084, 1]
[1652, 1528, 1]
[1655, 80, 1]
[1656, 87, 1]
[1657, 250, 1]
[1658, 1145, 1]
[1659, 1660, 1]
[1660, 1661, -1]
[1659, 1662, 1]
[1662, 1663, -1]
[1662, 1663, -1]
[1664, 1665, 1]
[1665, 1666, -1]
[1665, 1667, -1]
[1665, 1667, -1]
[1665, 1667, -1]
[1665, 1668, -1]
[1665, 978, -1]
[1664, 509, 1]
[1669, 80, 1]
[1670, 1671, 1]
[1671, 1672, -1]
[1673, 1674, 1]
[1674, 1675, -1]
[1674, 1675, -1]
[1674, 1675, -1]
[1676, 1677, 1]
[1677, 1678, -1]
[1679, 1680, 1]
[1680, 1681, -1]
[1682, 1300, 1]
[1683, 1684, 1]
[1684, 1685, -1]
[1686, 1687, 1]
[1687, 1688, -1]
[1686, 1687, 1]
[1689, 1569, 1]
[1690, 1622, 1]
[1691, 219, 1]
[1692, 1693, 1]
[1693, 1694, -1]
[1695, 560, 1]
[1696, 1697, 1]
[1697, 1698, -1]
[1699, 80, 1]
[1700, 249, 1]
[1701, 1702, 1]
[1702, 1703, -1]
[1701, 1202, 1]
[1701, 627, 1]
[1701, 760, 1]
[1701, 1704, -1]
[1701, 1704, -1]
[1705, 1, 1]
[1706, 1707, 1]
[1707, 1708, -1]
[1709, 1710, 1]
[1710, 1711, -1]
[1710, 1711, -1]
[1712, 1713, 1]
[1713, 1714, -1]
[1715, 1716, 1]
[1716, 1717, -1]
[1718, 76, 1]
[1719, 368, 1]
[1720, 361, 1]
[1721, 232, 1]
[1722, 1624, 1]
[1722, 1723, 1]
[1723, 1724, -1]
[1722, 1315, 1]
[1725, 1069, 1]
[1725, 1069, 1]
[1726, 1727, 1]
[1727, 1728, -1]
[1729, 1730, 1]
[1730, 1731, -1]
[1732, 80, 1]
[1733, 1734, 1]
[1734, 1735, -1]
[1736, 250, 1]
[1737, 1738, 1]
[1738, 1739, -1]
[1738, 1739, -1]
[1738, 1601, -1]
[1738, 1373, -1]
[1740, 1228, 1]
[1741, 1742, 1]
[1742, 1743, -1]
[1741, 1744, 1]
[1744, 307, -1]
[1745, 1526, 1]
[1746, 1747, 1]
[1747, 1748, -1]
[1747, 1748, -1]
[1746, 572, 1]
[1746, 1749, -1]
[1750, 116, 1]
[1751, 833, 1]
[1752, 1753, 1]
[1753, 1754, -1]
[1753, 1754, -1]
[1752, 1755, 1]
[1755, 1756, -1]
[1757, 596, 1]
[1757, 358, 1]
[1758, 1591, 1]
[1759, 1760, 1]
[1760, 1761, -1]
[1760, 1762, -1]
[1763, 1199, 1]
[1764, 234, 1]
[1765, 1766, 1]
[1766, 1767, -1]
[1768, 1065, 1]
[1768, 1769, 1]
[1769, 1770, -1]
[1769, 1771, -1]
[1772, 1773, 1]
[1773, 1774, -1]
[1775, 1776, 1]
[1776, 1777, -1]
[1778, 263, 1]
[1778, 1779, 1]
[1779, 1780, -1]
[1781, 1782, 1]
[1782, 1783, -1]
[1782, 1601, -1]
[1781, 1784, -1]
[1785, 1786, 1]
[1786, 1787, -1]
[1788, 1789, 1]
[1789, 1790, -1]
[1791, 631, 1]
[1791, 1792, 1]
[1792, 1793, -1]
[1794, 1091, 1]
[1795, 1388, 1]
[1796, 1797, 1]
[1797, 1798, -1]
[1799, 84, 1]
[1800, 1801, 1]
[1800, 1802, 1]
[1802, 1803, -1]
[1802, 1804, -1]
[1800, 1805, -1]
[1800, 1806, -1]
[1800, 1807, -1]
[1808, 1591, 1]
[1809, 48, 1]
[1809, 1810, 1]
[1810, 1811, -1]
[1812, 2, 1]
[1812, 2, 1]
[1812, 246, 1]
[1813, 2, 1]
[1814, 368, 1]
[1814, 273, 1]
[1815, 1006, 1]
[1815, 1007, 1]
[1815, 1008, 1]
[1815, 1009, 1]
[1815, 1010, 1]
[1815, 1011, 1]
[1815, 1012, 1]
[1815, 1013, 1]
[1815, 1014, 1]
[1815, 1015, 1]
[1815, 620, 1]
[1815, 194, 1]
[1815, 474, -1]
[1816, 162, 1]
[1816, 1817, 1]
[1817, 1818, -1]
[1819, 1820, 1]
[1819, 1821, 1]
[1819, 1822, -1]
[1823, 974, 1]
[1823, 797, 1]
[1824, 1036, 1]
[1825, 876, 1]
[1826, 150, 1]
[1827, 1828, 1]
[1828, 1829, -1]
[1828, 1830, -1]
[1831, 1832, 1]
[1831, 1833, -1]
[1834, 560, 1]
[1834, 1835, 1]
[1834, 1836, 1]
[1836, 1837, -1]
[1834, 1838, 1]
[1834, 1839, 1]
[1839, 1840, -1]
[1834, 1841, -1]
[1842, 1843, 1]
[1842, 1844, -1]
[1845, 201, 1]
[1845, 1846, 1]
[1845, 148, 1]
[1845, 1847, -1]
[1848, 82, 1]
[1849, 416, 1]
[1850, 80, 1]
[1851, 1852, 1]
[1852, 1853, -1]
[1854, 249, 1]
[1855, 838, 1]
[1856, 1857, 1]
[1857, 1858, -1]
[1859, 1860, 1]
[1860, 1861, -1]
[1862, 1091, 1]
[1863, 250, 1]
[1864, 69, 1]
[1864, 1865, -1]
[1866, 464, 1]
[1867, 1868, 1]
[1868, 1227, -1]
[1867, 1869, 1]
[1869, 1870, -1]
[1871, 1083, 1]
[1872, 234, 1]
[1873, 1024, 1]
[1873, 801, 1]
[1874, 1625, 1]
[1875, 938, 1]
[1876, 1869, 1]
[1877, 116, 1]
[1878, 1879, 1]
[1878, 1880, 1]
[1878, 1881, -1]
[1882, 1179, 1]
[1882, 1549, 1]
[1883, 688, 1]
[1884, 1885, 1]
[1885, 319, -1]
[1886, 1887, 1]
[1887, 1888, -1]
[1889, 244, 1]
[1890, 1891, 1]
[1891, 1892, -1]
[1893, 484, 1]
[1894, 59, 1]
[1894, 63, -1]
[1895, 1896, 1]
[1896, 1897, -1]
[1896, 1898, -1]
[1896, 1897, -1]
[1899, 1900, 1]
[1900, 1901, -1]
[1902, 543, 1]
[1903, 1037, 1]
[1903, 1097, 1]
[1904, 481, 1]
[1905, 1723, 1]
[1906, 1585, 1]
[1906, 1907, 1]
[1907, 1908, -1]
[1907, 209, -1]
[1909, 1910, 1]
[1909, 1911, 1]
[1911, 1912, -1]
[1909, 1913, -1]
[1914, 1915, 1]
[1914, 1916, 1]
[1914, 1917, 1]
[1914, 234, 1]
[1914, 1918, 1]
[1918, 1919, -1]
[1918, 1919, -1]
[1914, 1920, -1]
[1921, 138, 1]
[1922, 234, 1]
[1923, 551, 1]
[1924, 723, 1]
[1925, 800, 1]
[1926, 1927, 1]
[1927, 1928, -1]
[1929, 1930, 1]
[1930, 1931, -1]
[1932, 1933, 1]
[1933, 1934, -1]
[1935, 80, 1]
[1936, 1852, 1]
[1936, 561, 1]
[1937, 1938, 1]
[1938, 1939, -1]
[1940, 1941, 1]
[1941, 1942, -1]
[1943, 1041, 1]
[1943, 1643, 1]
[1944, 250, 1]
[1945, 1739, 1]
[1945, 1585, 1]
[1945, 1946, -1]
[1945, 1947, -1]
[1948, 1949, 1]
[1949, 96, -1]
[1948, 1950, 1]
[1950, 1951, -1]
[1952, 318, 1]
[1953, 1954, 1]
[1954, 1955, -1]
[1956, 957, 1]
[1956, 467, 1]
[1956, 1957, -1]
[1958, 605, 1]
[1958, 1959, 1]
[1958, 1960, 1]
[1958, 1961, -1]
[1958, 1962, -1]
[1963, 1964, 1]
[1964, 762, -1]
[1963, 178, 1]
[1965, 1966, 1]
[1966, 1967, -1]
[1966, 1967, -1]
[1966, 1967, -1]
[1965, 1968, 1]
[1968, 1969, -1]
[1970, 1971, 1]
[1971, 1972, -1]
[1971, 1973, -1]
[1971, 1974, -1]
[1975, 513, 1]
[1976, 1977, 1]
[1977, 1978, -1]
[1976, 201, 1]
[1976, 1979, 1]
[1979, 1980, -1]
[1981, 264, 1]
[1981, 264, 1]
[1982, 938, 1]
[1983, 1984, 1]
[1984, 1985, -1]
[1986, 1987, 1]
[1987, 1988, -1]
[1989, 75, 1]
[1990, 752, 1]
[1991, 871, 1]
[1992, 1993, 1]
[1993, 1994, -1]
[1992, 541, 1]
[1995, 811, 1]
[1996, 1997, 1]
[1997, 1998, -1]
[1999, 2000, 1]
[1999, 2001, -1]
[2002, 210, 1]
[2002, 1667, 1]
[2003, 807, 1]
[2004, 56, 1]
[2005, 368, 1]
[2006, 1173, 1]
[2007, 1592, 1]
[2007, 2008, 1]
[2008, 2009, -1]
[2010, 2011, 1]
[2010, 2012, 1]
[2012, 2013, -1]
[2010, 2014, -1]
[2015, 425, 1]
[2016, 1716, 1]
[2017, 2018, 1]
[2017, 2019, 1]
[2017, 2020, 1]
[2017, 2021, 1]
[2017, 2021, 1]
[2017, 2022, 1]
[2017, 267, 1]
[2017, 2023, -1]
[2024, 1201, 1]
[2025, 20, 1]
[2026, 323, 1]
[2026, 526, 1]
[2027, 323, 1]
[2027, 631, 1]
[2028, 1340, 1]
[2029, 1549, 1]
[2030, 1300, 1]
[2031, 250, 1]
[2033, 2034, 1]
[2034, 2035, -1]
[2036, 2037, 1]
[2037, 2038, -1]
[2036, 2039, 1]
[2039, 2040, -1]
[2036, 2041, 1]
[2041, 2042, -1]
[2041, 2042, -1]
[2043, 2044, 1]
[2044, 2045, -1]
[2044, 2045, -1]
[2046, 208, 1]
[2047, 1083, 1]
[2048, 674, 1]
[2049, 1107, 1]
[2050, 2051, 1]
[2051, 2052, -1]
[2050, 344, -1]
[2053, 2054, 1]
[2053, 2055, 1]
[2053, 2056, 1]
[2056, 2057, -1]
[2053, 2058, -1]
[2059, 80, 1]
[2060, 2061, 1]
[2061, 2062, -1]
[2063, 2064, 1]
[2064, 2065, -1]
[2063, 2066, 1]
[2066, 2067, -1]
[2068, 134, 1]
[2068, 2069, 1]
[2069, 2070, -1]
[2071, 2072, 1]
[2072, 2073, -1]
[2074, 230, 1]
[2077, 293, 1]
[2078, 698, 1]
[2078, 2079, 1]
[2079, 2080, -1]
[2079, 2080, -1]
[2079, 2081, -1]
[2079, 2082, -1]
[2083, 1341, 1]
[2084, 2085, 1]
[2085, 2086, -1]
[2087, 661, 1]
[2088, 2089, 1]
[2089, 2090, -1]
[2091, 2092, 1]
[2091, 2093, 1]
[2091, 503, -1]
[2094, 323, 1]
[2095, 134, 1]
[2096, 250, 1]
[2097, 2098, 1]
[2097, 2099, 1]
[2099, 2100, -1]
[2097, 2101, 1]
[2097, 2102, 1]
[2097, 2103, 1]
[2097, 2104, 1]
[2097, 2105, 1]
[2097, 547, -1]
[2106, 1841, 1]
[2107, 2108, 1]
[2108, 2109, -1]
[2107, 2110, 1]
[2110, 2111, -1]
[2112, 224, 1]
[2114, 1365, 1]
[2115, 1362, 1]
[2116, 426, 1]
[2117, 1908, 1]
[2118, 2119, 1]
[2119, 2120, -1]
[2118, 2121, 1]
[2121, 2122, -1]
[2123, 1044, 1]
[2123, 188, 1]
[2124, 2125, 1]
[2125, 2126, -1]
[2127, 2128, 1]
[2128, 2129, -1]
[2128, 2130, -1]
[2131, 615, 1]
[2132, 2133, 1]
[2133, 2134, -1]
[2135, 421, 1]
[2136, 464, 1]
[2137, 104, 1]
[2138, 2139, 1]
[2138, 2140, 1]
[2138, 2141, 1]
[2138, 2142, 1]
[2138, 2143, 1]
[2143, 2144, -1]
[2138, 2145, 1]
[2145, 2146, -1]
[2138, 2147, 1]
[2147, 2148, -1]
[2138, 2149, -1]
[2150, 2151, 1]
[2151, 541, -1]
[2151, 541, -1]
[2151, 541, -1]
[2151, 541, -1]
[2151, 541, -1]
[2151, 541, -1]
[2152, 2153, 1]
[2153, 2154, -1]
[2155, 423, 1]
[2156, 242, 1]
[2156, 2157, 1]
[2157, 2158, -1]
[2156, 2159, 1]
[2159, 1972, -1]
[2159, 2160, -1]
[2161, 824, 1]
[2162, 2163, 1]
[2163, 2164, -1]
[2165, 2166, 1]
[2166, 76, -1]
[2167, 89, 1]
[2169, 2170, 1]
[2170, 2171, -1]
[2172, 2089, 1]
[2172, 2173, -1]
[2174, 68, 1]
[2174, 2175, 1]
[2174, 2176, 1]
[2174, 2177, 1]
[2174, 1864, 1]
[2174, 2178, 1]
[2174, 2019, 1]
[2174, 2179, 1]
[2174, 2180, 1]
[2174, 70, -1]
[2181, 2080, 1]
[2182, 2183, 1]
[2183, 2184, -1]
[2183, 2184, -1]
[2185, 1017, 1]
[2186, 2187, 1]
[2187, 2188, -1]
[2189, 2190, 1]
[2190, 2191, -1]
[2192, 1753, 1]
[2193, 1908, 1]
[2194, 2195, 1]
[2195, 2196, -1]
[2197, 1107, 1]
[2198, 361, 1]
[2199, 2200, 1]
[2200, 2201, -1]
[2202, 80, 1]
[2203, 2204, 1]
[2204, 2205, -1]
[2206, 2207, 1]
[2206, 2208, 1]
[2206, 2209, 1]
[2206, 2210, 1]
[2206, 2211, 1]
[2206, 2212, 1]
[2206, 2213, 1]
[2206, 2214, 1]
[2214, 2215, -1]
[2206, 2216, 1]
[2206, 2217, -1]
[2206, 2218, -1]
[2219, 2220, 1]
[2220, 2221, -1]
[2220, 2221, -1]
[2222, 2223, 1]
[2223, 2224, -1]
[2225, 2226, 1]
[2226, 2227, -1]
[2228, 138, 1]
[2228, 2229, -1]
[2230, 2231, 1]
[2231, 2232, -1]
[2231, 2233, -1]
[2234, 1622, 1]
[2235, 1697, 1]
[2236, 75, 1]
[2237, 1438, 1]
[2238, 631, 1]
[2239, 957, 1]
[2240, 2151, 1]
[2240, 2241, -1]
[2242, 358, 1]
[2243, 2244, 1]
[2244, 2245, -1]
[2244, 2245, -1]
[2246, 853, 1]
[2247, 2248, 1]
[2248, 2249, -1]
[2247, 2250, 1]
[2250, 2251, -1]
[2250, 454, -1]
[2252, 1037, 1]
[2253, 1977, 1]
[2254, 1408, 1]
[2255, 2256, 1]
[2256, 2257, -1]
[2258, 20, 1]
[2259, 750, 1]
[2259, 2260, 1]
[2260, 1601, -1]
[2261, 2262, 1]
[2262, 2263, -1]
[2264, 279, 1]
[2265, 84, 1]
[2266, 2267, 1]
[2267, 2268, -1]
[2269, 1605, 1]
[2270, 855, 1]
[2271, 95, 1]
[2272, 1727, 1]
[2273, 271, 1]
[2274, 2079, 1]
[2275, 595, 1]
[2276, 2277, 1]
[2277, 2278, -1]
[2279, 2280, 1]
[2279, 2281, 1]
[2279, 2282, 1]
[2279, 2283, 1]
[2279, 1430, -1]
[2284, 1802, 1]
[2285, 1083, 1]
[2286, 1070, 1]
[2287, 1259, 1]
[2288, 671, 1]
[2289, 1211, 1]
[2290, 1455, 1]
[2291, 2292, 1]
[2292, 2293, -1]
[2294, 1857, 1]
[2295, 2296, 1]
[2296, 2297, -1]
[2298, 1036, 1]
[2298, 1674, 1]
[2299, 465, 1]
[2300, 2301, 1]
[2301, 2302, -1]
[2301, 2302, -1]
[2303, 80, 1]
[2304, 1179, 1]
[2305, 186, 1]
[2305, 2306, -1]
[2307, 527, 1]
[2307, 884, 1]
[2307, 2308, 1]
[2308, 2309, -1]
[2310, 2023, 1]
[2311, 1060, 1]
[2311, 877, 1]
[2312, 1073, 1]
[2313, 2314, 1]
[2314, 2315, -1]
[2313, 938, 1]
[2316, 2292, 1]
[2317, 2318, 1]
[2318, 2319, -1]
[2320, 2321, 1]
[2320, 2322, -1]
[2323, 2324, 1]
[2324, 2325, -1]
[2323, 2326, 1]
[2323, 2327, 1]
[2323, 2328, 1]
[2323, 2329, 1]
[2323, 2330, 1]
[2323, 2331, 1]
[2323, 2332, 1]
[2323, 2333, 1]
[2333, 2334, -1]
[2323, 2335, -1]
[2336, 1870, 1]
[2337, 2338, 1]
[2337, 2339, 1]
[2337, 2340, 1]
[2337, 2341, 1]
[2337, 2342, 1]
[2337, 2343, 1]
[2337, 2344, 1]
[2337, 2345, -1]
[2346, 307, 1]
[2347, 208, 1]
[2348, 2349, 1]
[2349, 2350, -1]
[2348, 2349, 1]
[2351, 1575, 1]
[2352, 1150, 1]
[2352, 1402, 1]
[2353, 1730, 1]
[2354, 1323, 1]
[2355, 406, 1]
[2355, 2356, 1]
[2357, 2358, 1]
[2358, 2359, -1]
[2360, 328, 1]
[2361, 1229, 1]
[2362, 2363, 1]
[2363, 2364, -1]
[2365, 2366, 1]
[2365, 2367, 1]
[2365, 1211, 1]
[2365, 2368, 1]
[2365, 2369, 1]
[2365, 2370, 1]
[2365, 2371, 1]
[2365, 2372, 1]
[2365, 2373, 1]
[2365, 2374, 1]
[2365, 2375, 1]
[2365, 2376, 1]
[2365, 888, 1]
[2365, 2377, 1]
[2365, 2378, 1]
[2365, 2379, 1]
[2365, 2380, 1]
[2365, 2381, 1]
[2365, 2382, 1]
[2365, 2383, 1]
[2365, 2384, 1]
[2365, 2385, 1]
[2365, 2386, 1]
[2365, 2387, 1]
[2365, 2388, 1]
[2365, 2228, 1]
[2365, 2389, 1]
[2365, 2390, 1]
[2365, 2391, 1]
[2365, 2392, 1]
[2365, 2393, 1]
[2365, 2394, 1]
[2365, 2395, 1]
[2365, 2396, 1]
[2365, 2229, 1]
[2365, 1921, 1]
[2365, 2397, 1]
[2365, 2398, 1]
[2365, 2399, 1]
[2365, 2400, 1]
[2365, 2401, 1]
[2365, 2402, 1]
[2365, 2403, 1]
[2365, 2404, 1]
[2365, 2405, 1]
[2365, 2406, 1]
[2365, 1003, 1]
[2365, 1600, 1]
[2365, 1211, 1]
[2365, 139, -1]
[2407, 2408, 1]
[2408, 2409, -1]
[2410, 2411, 1]
[2411, 2412, -1]
[2413, 138, 1]
[2414, 1337, 1]
[2415, 1674, 1]
[2416, 2417, 1]
[2417, 2418, -1]
[2419, 464, 1]
[2419, 513, 1]
[2420, 242, 1]
[2421, 576, 1]
[2422, 2423, 1]
[2423, 2424, -1]
[2425, 2426, 1]
[2426, 2427, -1]
[2428, 249, 1]
[2429, 2430, 1]
[2430, 905, -1]
[2431, 811, 1]
[2432, 2433, 1]
[2433, 2434, -1]
[2432, 388, 1]
[2432, 599, 1]
[2432, 168, -1]
[2435, 600, 1]
[2436, 2437, 1]
[2437, 2438, -1]
[2439, 56, 1]
[2440, 2441, 1]
[2441, 2442, -1]
[2440, 2443, 1]
[2443, 2444, -1]
[2443, 2444, -1]
[2445, 2446, 1]
[2445, 2447, 1]
[2445, 2442, 1]
[2445, 2448, 1]
[2445, 53, 1]
[2445, 2449, -1]
[2450, 250, 1]
[2451, 2452, 1]
[2452, 2453, -1]
[2451, 2452, 1]
[2454, 1201, 1]
[2455, 1779, 1]
[2455, 277, 1]
[2456, 1219, 1]
[2457, 2458, 1]
[2458, 2459, -1]
[2460, 2461, 1]
[2461, 2462, -1]
[2463, 2443, 1]
[2464, 201, 1]
[2464, 2465, 1]
[2465, 2466, -1]
[2467, 585, 1]
[2468, 646, 1]
[2469, 2470, 1]
[2470, 2471, -1]
[2472, 208, 1]
[2473, 596, 1]
[2473, 2474, -1]
[2475, 2476, 1]
[2475, 2477, 1]
[2475, 2478, 1]
[2475, 2478, 1]
[2475, 2479, 1]
[2475, 2480, 1]
[2475, 2481, -1]
[2482, 119, 1]
[2482, 2483, 1]
[2483, 590, -1]
[2483, 2484, -1]
[2485, 1189, 1]
[2486, 2487, 1]
[2487, 2488, -1]
[2489, 36, 1]
[2490, 1528, 1]
[2491, 2492, 1]
[2492, 2493, -1]
[2494, 227, 1]
[2495, 595, 1]
[2496, 112, 1]
[2497, 646, 1]
[2499, 584, 1]
[2500, 1748, 1]
[2501, 2502, 1]
[2502, 2503, -1]
[2504, 419, 1]
[2505, 2506, 1]
[2506, 2507, -1]
[2505, 1760, 1]
[2505, 2508, -1]
[2509, 80, 1]
[2510, 974, 1]
[2511, 382, 1]
[2512, 955, 1]
[2513, 232, 1]
[2514, 2515, 1]
[2515, 2516, -1]
[2517, 571, 1]
[2518, 2309, 1]
[2518, 2519, 1]
[2519, 2520, -1]
[2521, 2522, 1]
[2522, 2523, -1]
[2524, 420, 1]
[2525, 2526, 1]
[2526, 2527, -1]
[2528, 2529, 1]
[2529, 2530, -1]
[2531, 2532, 1]
[2532, 2533, -1]
[2534, 2535, 1]
[2535, 2536, -1]
[2535, 2537, -1]
[2539, 2170, 1]
[2540, 2541, 1]
[2541, 2542, -1]
[2543, 319, 1]
[2544, 2530, 1]
[2545, 293, 1]
[2546, 2547, 1]
[2547, 1123, -1]
[2548, 245, 1]
[2549, 2550, 1]
[2550, 16, -1]
[2550, 2551, -1]
[2552, 82, 1]
[2553, 1398, 1]
[2554, 2555, 1]
[2554, 2556, -1]
[2557, 1106, 1]
[2558, 1213, 1]
[2559, 2560, 1]
[2560, 2561, -1]
[2562, 2563, 1]
[2562, 2564, 1]
[2562, 2565, -1]
[2566, 975, 1]
[2566, 2567, 1]
[2566, 2568, 1]
[2566, 2569, 1]
[2566, 2570, 1]
[2566, 2571, 1]
[2566, 2572, 1]
[2566, 2572, 1]
[2566, 2573, 1]
[2566, 2574, 1]
[2566, 2575, 1]
[2575, 2576, -1]
[2566, 2577, 1]
[2577, 2578, -1]
[2566, 2579, 1]
[2579, 2580, -1]
[2566, 2581, -1]
[2582, 384, 1]
[2583, 2584, 1]
[2584, 2585, -1]
[2584, 2586, -1]
[2584, 2585, -1]
[2583, 544, 1]
[2587, 932, 1]
[2588, 2589, 1]
[2589, 2590, -1]
[2591, 1780, 1]
[2592, 648, 1]
[2593, 227, 1]
[2594, 2249, 1]
[2594, 1198, 1]
[2595, 178, 1]
[2595, 426, 1]
[2595, 260, 1]
[2595, 750, 1]
[2595, 426, 1]
[2595, 197, 1]
[2595, 244, 1]
[2595, 2596, 1]
[2596, 2597, -1]
[2598, 2599, 1]
[2598, 2600, 1]
[2598, 2601, 1]
[2598, 2602, 1]
[2598, 2603, 1]
[2598, 341, -1]
[2604, 219, 1]
[2605, 661, 1]
[2606, 1730, 1]
[2607, 250, 1]
[2608, 2609, 1]
[2609, 2610, -1]
[2611, 2612, 1]
[2612, 2613, -1]
[2614, 2615, 1]
[2614, 2616, 1]
[2614, 2617, 1]
[2614, 2618, 1]
[2614, 2619, 1]
[2614, 2620, -1]
[2621, 1492, 1]
[2622, 2170, 1]
[2623, 2624, 1]
[2624, 2625, -1]
[2624, 2626, -1]
[2624, 960, -1]
[2627, 396, 1]
[2627, 2628, 1]
[2628, 2629, -1]
[2630, 2631, 1]
[2631, 2632, -1]
[2630, 2633, 1]
[2633, 2634, -1]
[2633, 2634, -1]
[2635, 2636, 1]
[2636, 2637, -1]
[2635, 2638, -1]
[2639, 2640, 1]
[2640, 2641, -1]
[2642, 2643, 1]
[2643, 2644, -1]
[2645, 2646, 1]
[2646, 2109, -1]
[2646, 2647, -1]
[2645, 2648, -1]
[2645, 2649, -1]
[2650, 426, 1]
[2650, 2516, 1]
[2651, 465, 1]
[2652, 2653, 1]
[2652, 2654, -1]
[2655, 80, 1]
[2656, 943, 1]
[2657, 2483, 1]
[2658, 2659, 1]
[2658, 2660, 1]
[2658, 2661, 1]
[2658, 2662, 1]
[2658, 2663, 1]
[2658, 2664, 1]
[2658, 2027, 1]
[2658, 2665, 1]
[2658, 2173, 1]
[2658, 2666, 1]
[2658, 2667, 1]
[2658, 2668, 1]
[2658, 2026, 1]
[2658, 2669, 1]
[2658, 2670, 1]
[2658, 2671, 1]
[2671, 2672, -1]
[2658, 2673, 1]
[2658, 2674, 1]
[2658, 2081, 1]
[2658, 2675, 1]
[2658, 2676, 1]
[2658, 2677, 1]
[2658, 2678, 1]
[2658, 2679, 1]
[2658, 2680, 1]
[2658, 2681, 1]
[2658, 2682, 1]
[2658, 2683, 1]
[2658, 2684, 1]
[2658, 2685, 1]
[2658, 2686, 1]
[2658, 322, 1]
[2658, 2687, 1]
[2658, 323, 1]
[2658, 234, 1]
[2658, 1660, 1]
[2658, 274, 1]
[2658, 206, 1]
[2658, 871, 1]
[2658, 324, -1]
[2688, 2689, 1]
[2689, 2690, -1]
[2691, 807, 1]
[2691, 807, 1]
[2691, 807, 1]
[2692, 922, 1]
[2692, 2693, 1]
[2692, 2694, 1]
[2694, 2695, -1]
[2692, 2696, -1]
[2697, 2698, 1]
[2697, 2699, 1]
[2699, 2700, -1]
[2697, 2701, 1]
[2697, 2702, 1]
[2697, 2179, 1]
[2697, 2703, 1]
[2697, 903, 1]
[2697, 2704, 1]
[2697, 2705, 1]
[2697, 2706, 1]
[2697, 2707, 1]
[2707, 2708, -1]
[2697, 2709, 1]
[2709, 2710, -1]
[2697, 2711, -1]
[2697, 2712, -1]
[2697, 2713, -1]
[2714, 2715, 1]
[2714, 1179, 1]
[2714, 2716, 1]
[2714, 2717, 1]
[2714, 2718, 1]
[2718, 2719, -1]
[2714, 2720, -1]
[2714, 230, -1]
[2714, 2721, -1]
[2722, 2723, 1]
[2723, 2724, -1]
[2725, 1148, 1]
[2726, 2727, 1]
[2727, 2728, -1]
[2727, 2728, -1]
[2727, 2728, -1]
[2729, 82, 1]
[2730, 69, 1]
[2731, 484, 1]
[2732, 2733, 1]
[2733, 2734, -1]
[2733, 2735, -1]
[2736, 2634, 1]
[2737, 2738, 1]
[2737, 2739, -1]
[2740, 2741, 1]
[2741, 2742, -1]
[2743, 648, 1]
[2744, 1121, 1]
[2744, 845, 1]
[2744, 2745, 1]
[2745, 2746, -1]
[2747, 2748, 1]
[2747, 2749, -1]
[2750, 26, 1]
[2751, 760, 1]
[2752, 943, 1]
[2753, 249, 1]
[2754, 136, 1]
[2755, 178, 1]
[2756, 467, 1]
[2757, 2187, 1]
[2758, 1964, 1]
[2759, 2760, 1]
[2760, 2761, -1]
[2762, 2763, 1]
[2763, 2764, -1]
[2765, 480, 1]
[2765, 534, 1]
[2765, 378, 1]
[2766, 2767, 1]
[2767, 2768, -1]
[2767, 2769, -1]
[2767, 2770, -1]
[2771, 2217, 1]
[2772, 2773, 1]
[2773, 333, -1]
[2774, 2110, 1]
[2775, 80, 1]
[2776, 1713, 1]
[2777, 80, 1]
[2778, 2170, 1]
[2779, 533, 1]
[2780, 698, 1]
[2780, 426, 1]
[2781, 1609, 1]
[2782, 1111, 1]
[2783, 2784, 1]
[2784, 2785, -1]
[2786, 1787, 1]
[2787, 2160, 1]
[2788, 2789, 1]
[2789, 2790, -1]
[2791, 2792, 1]
[2792, 25, -1]
[2792, 2793, -1]
[2791, 750, 1]
[2791, 2794, 1]
[2794, 1780, -1]
[2791, 2795, 1]
[2795, 2796, -1]
[2791, 2792, 1]
[2791, 1767, 1]
[2791, 2157, 1]
[2797, 148, 1]
[2797, 150, 1]
[2798, 144, 1]
[2799, 2800, 1]
[2800, 2801, -1]
[2802, 1089, 1]
[2803, 2804, 1]
[2804, 2805, -1]
[2803, 2806, -1]
[2807, 2808, 1]
[2808, 2809, -1]
[2808, 2809, -1]
[2808, 2809, -1]
[2808, 2810, -1]
[2811, 1810, 1]
[2812, 2809, 1]
[2813, 974, 1]
[2813, 421, 1]
[2813, 2814, -1]
[2815, 1599, 1]
[2816, 536, 1]
[2817, 2818, 1]
[2818, 2819, -1]
[2820, 1252, 1]
[2821, 1231, 1]
[2822, 2, 1]
[2823, 2824, 1]
[2824, 2825, -1]
[2826, 170, 1]
[2826, 2727, 1]
[2827, 802, 1]
[2828, 1341, 1]
[2828, 2829, 1]
[2829, 194, -1]
[2829, 195, -1]
[2830, 1, 1]
[2831, 1680, 1]
[2832, 1448, 1]
[2833, 801, 1]
[2833, 2834, 1]
[2834, 2835, -1]
[2836, 1678, 1]
[2837, 481, 1]
[2838, 1300, 1]
[2839, 1675, 1]
[2841, 249, 1]
[2842, 2843, 1]
[2842, 2844, -1]
[2845, 1738, 1]
[2846, 2847, 1]
[2847, 2848, -1]
[2849, 824, 1]
[2850, 986, 1]
[2851, 2852, 1]
[2851, 2853, -1]
[2854, 884, 1]
[2855, 381, 1]
[2856, 128, 1]
[2857, 1096, 1]
[2858, 818, 1]
[2858, 2859, 1]
[2858, 2860, 1]
[2858, 2861, -1]
[2862, 307, 1]
[2863, 592, 1]
[2864, 1680, 1]
[2865, 364, 1]
[2866, 2867, 1]
[2866, 2868, 1]
[2866, 2869, 1]
[2869, 2345, -1]
[2866, 898, -1]
[2870, 1519, 1]
[2871, 197, 1]
[2872, 2873, 1]
[2872, 2874, -1]
[2875, 2876, 1]
[2876, 275, -1]
[2876, 275, -1]
[2877, 282, 1]
[2878, 1340, 1]
[2879, 2880, 1]
[2879, 2881, 1]
[2879, 2882, 1]
[2879, 1628, -1]
[2883, 250, 1]
[2884, 646, 1]
[2885, 1061, 1]
[2886, 2848, 1]
[2886, 2848, 1]
[2887, 2888, 1]
[2888, 2889, -1]
[2890, 2789, 1]
[2890, 128, 1]
[2891, 2892, 1]
[2891, 2893, 1]
[2891, 2894, 1]
[2891, 2895, 1]
[2895, 2896, -1]
[2895, 2896, -1]
[2891, 2897, 1]
[2891, 2898, 1]
[2898, 2899, -1]
[2891, 2900, -1]
[2901, 2902, 1]
[2902, 2903, -1]
[2904, 1484, 1]
[2905, 905, 1]
[2905, 2906, 1]
[2906, 2907, -1]
[2908, 955, 1]
[2909, 584, 1]
[2910, 98, 1]
[2910, 99, -1]
[2911, 1314, 1]
[2912, 234, 1]
[2913, 2914, 1]
[2914, 2915, -1]
[2916, 1600, 1]
[2917, 2918, 1]
[2918, 2919, -1]
[2920, 2921, 1]
[2921, 2922, -1]
[2923, 2924, 1]
[2923, 1164, 1]
[2923, 2925, 1]
[2923, 16, 1]
[2923, 2233, -1]
[2926, 2927, 1]
[2926, 1818, 1]
[2926, 2928, -1]
[2929, 2159, 1]
[2930, 685, 1]
[2931, 1126, 1]
[2932, 118, 1]
[2933, 84, 1]
[2934, 2935, 1]
[2935, 798, -1]
[2935, 797, -1]
[2934, 778, 1]
[2936, 2937, 1]
[2937, 2938, -1]
[2939, 77, 1]
[2940, 1802, 1]
[2941, 903, 1]
[2942, 282, 1]
[2943, 2944, 1]
[2944, 2945, -1]
[2944, 2946, -1]
[2947, 1717, 1]
[2948, 2949, 1]
[2949, 2950, -1]
[2951, 1034, 1]
[2952, 194, 1]
[2952, 1818, 1]
[2952, 544, 1]
[2952, 2953, -1]
[2954, 49, 1]
[2955, 194, 1]
[2955, 367, 1]
[2955, 557, 1]
[2956, 515, 1]
[2957, 1955, 1]
[2957, 1951, 1]
[2958, 2959, 1]
[2959, 2960, -1]
[2961, 1038, 1]
[2962, 323, 1]
[2963, 2689, 1]
[2964, 745, 1]
[2965, 55, 1]
[2966, 1069, 1]
[2967, 2612, 1]
[2968, 1453, 1]
[2969, 2847, 1]
[2969, 315, 1]
[2970, 136, 1]
[2970, 1516, 1]
[2971, 2972, 1]
[2972, 572, -1]
[2972, 2973, -1]
[2974, 938, 1]
[2975, 641, 1]
[2976, 1148, 1]
[2977, 2978, 1]
[2978, 2979, -1]
[2980, 2170, 1]
[2981, 55, 1]
[2982, 434, 1]
[2982, 1388, 1]
[2982, 557, 1]
[2982, 1116, 1]
[2983, 2267, 1]
[2984, 249, 1]
[2985, 1738, 1]
[2985, 1231, 1]
[2986, 676, 1]
[2987, 2988, 1]
[2988, 2989, -1]
[2987, 2990, 1]
[2987, 1030, 1]
[2987, 2991, -1]
[2987, 2991, -1]
[2992, 2993, 1]
[2993, 2994, -1]
[2995, 2996, 1]
[2996, 2997, -1]
[2996, 2998, -1]
[2999, 60, 1]
[2999, 3000, 1]
[3000, 3001, -1]
[3002, 3003, 1]
[3002, 3004, 1]
[3002, 3005, 1]
[3002, 1779, 1]
[3002, 3006, 1]
[3002, 3007, 1]
[3002, 3008, 1]
[3002, 3009, 1]
[3002, 984, 1]
[3002, 3010, 1]
[3010, 3011, -1]
[3010, 3012, -1]
[3002, 2249, 1]
[3002, 3013, -1]
[3014, 1126, 1]
[3016, 2566, 1]
[3016, 3017, 1]
[3016, 2569, 1]
[3016, 3018, 1]
[3016, 3019, 1]
[3016, 3020, 1]
[3020, 3021, -1]
[3016, 3022, -1]
[3016, 3022, -1]
[3023, 2039, 1]
[3024, 548, 1]
[3025, 671, 1]
[3026, 2122, 1]
[3027, 3028, 1]
[3028, 1267, -1]
[3029, 2151, 1]
[3030, 1269, 1]
[3031, 197, 1]
[3032, 84, 1]
[3033, 1810, 1]
[3034, 3035, 1]
[3035, 3036, -1]
[3034, 2624, 1]
[3037, 1600, 1]
[3038, 3039, 1]
[3039, 3040, -1]
[3041, 1870, 1]
[3042, 249, 1]
[3043, 3044, 1]
[3044, 62, -1]
[3045, 134, 1]
[3046, 80, 1]
[3047, 3048, 1]
[3047, 2084, 1]
[3047, 676, 1]
[3047, 2086, -1]
[3049, 1312, 1]
[3050, 811, 1]
[3051, 3052, 1]
[3052, 1617, -1]
[3053, 818, 1]
[3054, 3055, 1]
[3054, 1731, -1]
[3056, 2417, 1]
[3057, 3058, 1]
[3058, 3059, -1]
[3060, 250, 1]
[3061, 422, 1]
[3062, 750, 1]
[3063, 2227, 1]
[3064, 3065, 1]
[3065, 3066, -1]
[3067, 3068, 1]
[3068, 3069, -1]
[3070, 263, 1]
[3071, 1674, 1]
[3072, 2891, 1]
[3072, 3073, 1]
[3073, 3074, -1]
[3072, 521, 1]
[3072, 3075, 1]
[3075, 3076, -1]
[3072, 2191, 1]
[3077, 696, 1]
[3078, 3079, 1]
[3079, 3080, -1]
[3079, 3080, -1]
[3081, 3068, 1]
[3081, 148, 1]
[3082, 3083, 1]
[3082, 3084, 1]
[3082, 3085, -1]
[3086, 1508, 1]
[3086, 1091, 1]
[3087, 745, 1]
[3088, 250, 1]
[3089, 465, 1]
[3089, 145, 1]
[3090, 2728, 1]
[3090, 3091, 1]
[3090, 3092, 1]
[3090, 1063, 1]
[3090, 3093, 1]
[3090, 3094, 1]
[3090, 3095, 1]
[3090, 225, 1]
[3090, 3096, 1]
[3090, 3080, -1]
[3097, 1340, 1]
[3098, 2279, 1]
[3099, 2470, 1]
[3099, 427, 1]
[3100, 3101, 1]
[3101, 3102, -1]
[3103, 260, 1]
[3104, 45, 1]
[3105, 2745, 1]
[3106, 1592, 1]
[3107, 1096, 1]
[3108, 1202, 1]
[3109, 2609, 1]
[3110, 3111, 1]
[3110, 3112, 1]
[3112, 3113, -1]
[3110, 3114, -1]
[3115, 234, 1]
[3116, 80, 1]
[3117, 515, 1]
[3118, 2446, 1]
[3118, 2447, 1]
[3118, 2442, 1]
[3118, 2448, 1]
[3118, 53, 1]
[3118, 2689, 1]
[3118, 3119, 1]
[3118, 3120, 1]
[3118, 2449, -1]
[3118, 2449, -1]
[3121, 3122, 1]
[3122, 3123, -1]
[3122, 3124, -1]
[3125, 2818, 1]
[3126, 938, 1]
[3127, 462, 1]
[3127, 55, 1]
[3127, 884, 1]
[3127, 1526, 1]
[3129, 3130, 1]
[3130, 3131, -1]
[3132, 1528, 1]
[3132, 3133, 1]
[3133, 3134, -1]
[3132, 1270, 1]
[3132, 2641, 1]
[3135, 3136, 1]
[3136, 3137, -1]
[3135, 3138, 1]
[3138, 3139, -1]
[3138, 3140, -1]
[3138, 3141, -1]
[3138, 3140, -1]
[3138, 3142, -1]
[3143, 188, 1]
[3144, 718, 1]
[3145, 1978, 1]
[3145, 545, 1]
[3146, 3147, 1]
[3147, 3148, -1]
[3147, 3149, -1]
[3150, 1174, 1]
[3151, 1723, 1]
[3152, 2170, 1]
[3153, 3154, 1]
[3153, 3155, -1]
[3156, 56, 1]
[3157, 518, 1]
[3158, 648, 1]
[3158, 136, 1]
[3158, 1516, 1]
[3159, 1583, 1]
[3160, 2649, -1]
[3160, 2649, -1]
[3161, 1869, 1]
[3162, 3163, 1]
[3163, 3164, -1]
[3165, 1228, 1]
[3166, 1231, 1]
[3167, 194, 1]
[3168, 3169, 1]
[3169, 3170, -1]
[3171, 3172, 1]
[3171, 3173, 1]
[3171, 3174, -1]
[3175, 1488, 1]
[3176, 1191, 1]
[3176, 3177, 1]
[3177, 3178, -1]
[3179, 3180, 1]
[3180, 3181, -1]
[3179, 282, 1]
[3182, 1201, 1]
[3183, 1213, 1]
[3183, 876, 1]
[3183, 345, 1]
[3183, 467, 1]
[3184, 974, 1]
[3185, 1624, 1]
[3186, 2056, 1]
[3187, 338, 1]
[3188, 1908, 1]
[3189, 2620, 1]
[3190, 144, 1]
[3191, 551, 1]
[3191, 877, 1]
[3191, 877, 1]
[3192, 585, 1]
[3193, 55, 1]
[3194, 1966, 1]
[3195, 1315, 1]
[3196, 368, 1]
[3196, 750, 1]
[3197, 2502, 1]
[3198, 2323, 1]
[3199, 1978, 1]
[3200, 1199, 1]
[3201, 3202, 1]
[3201, 3203, 1]
[3201, 1130, 1]
[3201, 3204, 1]
[3204, 3205, -1]
[3201, 3206, -1]
[3207, 3208, 1]
[3208, 3209, -1]
[3207, 3210, 1]
[3210, 3211, -1]
[3207, 2411, 1]
[3212, 170, 1]
[3213, 745, 1]
[3214, 273, 1]
[3215, 3216, 1]
[3216, 3217, -1]
[3218, 145, 1]
[3219, 3220, 1]
[3220, 3221, -1]
[3222, 1278, 1]
[3223, 1289, 1]
[3223, 3224, 1]
[3224, 3225, -1]
[3223, 3226, -1]
[3227, 1227, 1]
[3228, 3229, 1]
[3229, 3230, -1]
[3228, 2233, -1]
[3231, 871, 1]
[3232, 2249, 1]
[3234, 880, 1]
[3235, 80, 1]
[3236, 313, 1]
[3237, 3238, 1]
[3238, 3239, -1]
[3238, 3240, -1]
[3237, 3241, 1]
[3241, 3242, -1]
[3237, 1148, 1]
[3237, 1739, -1]
[3243, 1665, 1]
[3244, 3245, 1]
[3244, 3246, 1]
[3244, 3247, 1]
[3244, 3248, -1]
[3249, 2122, 1]
[3250, 1150, 1]
[3251, 250, 1]
[3252, 3253, 1]
[3253, 3254, -1]
[3252, 3255, -1]
[3256, 1562, 1]
[3256, 3257, 1]
[3257, 3258, -1]
[3256, 1561, 1]
[3256, 1219, 1]
[3259, 1907, 1]
[3260, 3261, 1]
[3260, 3262, -1]
[3263, 1591, 1]
[3264, 249, 1]
[3265, 1938, 1]
[3265, 3266, 1]
[3266, 3267, -1]
[3268, 1036, 1]
[3268, 1674, 1]
[3269, 1135, 1]
[3270, 1036, 1]
[3271, 487, 1]
[3271, 3272, 1]
[3272, 3273, -1]
[3271, 405, 1]
[3271, 982, 1]
[3271, 1462, 1]
[3271, 1677, 1]
[3271, 3274, -1]
[3275, 671, 1]
[3276, 3277, 1]
[3276, 3278, 1]
[3276, 3279, 1]
[3276, 3280, 1]
[3276, 3281, 1]
[3276, 3148, 1]
[3276, 3282, -1]
[3283, 250, 1]
[3284, 3285, 1]
[3285, 3286, -1]
[3287, 956, 1]
[3288, 815, 1]
[3288, 585, 1]
[3289, 1388, 1]
[3290, 36, 1]
[3291, 1591, 1]
[3292, 1211, 1]
[3292, 3293, 1]
[3292, 3294, 1]
[3292, 3295, 1]
[3295, 3296, -1]
[3292, 3297, 1]
[3292, 3298, -1]
[3299, 3300, 1]
[3300, 3301, -1]
[3302, 1121, 1]
[3303, 401, 1]
[3304, 1041, 1]
[3305, 279, 1]
[3305, 1201, 1]
[3306, 3307, 1]
[3307, 3308, -1]
[3309, 3310, 1]
[3309, 3311, 1]
[3309, 3312, -1]
[3313, 426, 1]
[3313, 3298, 1]
[3314, 3315, 1]
[3315, 3316, -1]
[3314, 1338, 1]
[3317, 202, 1]
[3318, 273, 1]
[3319, 3058, 1]
[3320, 508, 1]
[3321, 59, 1]
[3321, 63, -1]
[3322, 753, 1]
[3323, 2009, 1]
[3324, 849, 1]
[3325, 708, 1]
[3326, 753, 1]
[3327, 3328, 1]
[3328, 3329, -1]
[3328, 3329, -1]
[3330, 1365, 1]
[3330, 1602, 1]
[3331, 1143, 1]
[3331, 3332, 1]
[3332, 713, -1]
[3333, 3334, 1]
[3334, 3335, -1]
[3334, 3336, -1]
[3333, 597, 1]
[3337, 3338, 1]
[3338, 3339, -1]
[3340, 111, 1]
[3341, 2770, 1]
[3342, 3343, 1]
[3343, 3344, -1]
[3345, 1199, 1]
[3346, 367, 1]
[3347, 606, 1]
[3348, 521, 1]
[3349, 1338, 1]
[3350, 1912, 1]
[3351, 2928, 1]
[3351, 3352, -1]
[3353, 1146, 1]
[3354, 323, 1]
[3355, 2829, 1]
[3356, 535, 1]
[3357, 3358, 1]
[3358, 3359, -1]
[3358, 3359, -1]
[3361, 3362, 1]
[3362, 3363, -1]
[3364, 333, 1]
[3365, 195, 1]
[3366, 3367, 1]
[3366, 3368, 1]
[3366, 3369, 1]
[3366, 3370, 1]
[3366, 3371, 1]
[3371, 3372, -1]
[3371, 2173, -1]
[3366, 2089, 1]
[3366, 2089, 1]
[3366, 3373, -1]
[3374, 2170, 1]
[3375, 422, 1]
[3376, 318, 1]
[3376, 318, 1]
[3376, 1622, 1]
[3377, 344, 1]
[3378, 509, 1]
[3379, 2988, 1]
[3380, 2170, 1]
[3381, 3382, 1]
[3381, 3383, 1]
[3381, 16, 1]
[3381, 3384, -1]
[3385, 3386, 1]
[3386, 3387, -1]
[3388, 3389, 1]
[3388, 1603, 1]
[3388, 2769, -1]
[3390, 3391, 1]
[3391, 3392, -1]
[3393, 274, 1]
[3393, 3394, -1]
[3395, 3396, 1]
[3396, 3397, -1]
[3398, 3399, 1]
[3399, 3400, -1]
[3401, 2506, 1]
[3401, 1780, 1]
[3402, 45, 1]
[3403, 149, 1]
[3404, 3405, 1]
[3404, 3406, 1]
[3404, 3407, 1]
[3407, 1427, -1]
[3404, 2292, -1]
[3408, 3409, 1]
[3408, 3410, 1]
[3408, 451, -1]
[3411, 197, 1]
[3411, 282, 1]
[3411, 108, 1]
[3412, 1073, 1]
[3413, 1096, 1]
[3414, 387, 1]
[3415, 3416, 1]
[3416, 3417, -1]
[3416, 1205, -1]
[3418, 192, 1]
[3419, 2008, 1]
[3420, 250, 1]
[3420, 2773, 1]
[3420, 249, 1]
[3421, 2928, 1]
[3422, 464, 1]
[3423, 3424, 1]
[3424, 3425, -1]
[3426, 3427, 1]
[3427, 3428, -1]
[3429, 1244, 1]
[3430, 419, 1]
[3431, 2064, 1]
[3432, 1072, 1]
[3433, 134, 1]
[3434, 15, 1]
[3434, 3435, 1]
[3434, 3436, 1]
[3434, 2900, 1]
[3434, 3437, -1]
[3438, 1042, 1]
[3438, 319, 1]
[3439, 757, 1]
[3440, 35, 1]
[3441, 3442, 1]
[3441, 3443, 1]
[3441, 3444, 1]
[3441, 3444, 1]
[3441, 2721, 1]
[3441, 3445, 1]
[3441, 3446, 1]
[3441, 3447, 1]
[3447, 3448, -1]
[3441, 3308, -1]
[3449, 3329, 1]
[3450, 75, 1]
[3451, 1053, 1]
[3451, 980, 1]
[3452, 259, 1]
[3452, 91, 1]
[3453, 1380, 1]
[3454, 3455, 1]
[3455, 3456, -1]
[3457, 234, 1]
[3458, 1521, 1]
[3459, 1398, 1]
[3460, 540, 1]
[3461, 884, 1]
[3462, 3463, 1]
[3463, 3464, -1]
[3465, 249, 1]
[3466, 2, 1]
[3467, 2763, 1]
[3468, 3399, 1]
[3469, 3470, 1]
[3470, 1060, -1]
[3471, 465, 1]
[3472, 55, 1]
[3473, 198, 1]
[3474, 1802, 1]
[3475, 279, 1]
[3476, 3477, 1]
[3477, 3478, -1]
[3477, 3478, -1]
[3477, 1292, -1]
[3479, 855, 1]
[3480, 1142, 1]
[3481, 681, 1]
[3482, 3483, 1]
[3482, 183, 1]
[3482, 824, 1]
[3482, 1183, 1]
[3482, 3484, -1]
[3485, 136, 1]
[3485, 3486, 1]
[3485, 1210, 1]
[3485, 3487, -1]
[3488, 1073, 1]
[3489, 3273, 1]
[3490, 3491, 1]
[3491, 3492, -1]
[3493, 337, 1]
[3493, 338, 1]
[3494, 134, 1]
[3495, 497, 1]
[3496, 1660, 1]
[3497, 3059, 1]
[3498, 1793, 1]
[3499, 950, 1]
[3499, 807, 1]
[3500, 949, 1]
[3501, 12, 1]
[3502, 1300, 1]
[3503, 833, 1]
[3504, 1662, 1]
[3505, 197, 1]
[3506, 69, 1]
[3507, 3508, 1]
[3508, 3509, -1]
[3510, 3511, 1]
[3511, 3512, -1]
[3510, 2944, 1]
[3513, 2164, 1]
[3514, 978, 1]
[3514, 3285, 1]
[3515, 2064, 1]
[3516, 513, 1]
[3517, 318, 1]
[3518, 250, 1]
[3519, 3520, 1]
[3519, 3521, 1]
[3519, 3522, 1]
[3519, 3523, 1]
[3519, 3524, 1]
[3519, 3525, -1]
[3526, 2928, 1]
[3527, 224, 1]
[3528, 1342, 1]
[3528, 544, 1]
[3529, 3530, 1]
[3530, 3531, -1]
[3532, 224, 1]
[3533, 3534, 1]
[3534, 24, -1]
[3535, 2064, 1]
[3536, 1563, 1]
[3537, 1447, 1]
[3537, 1301, 1]
[3538, 1738, 1]
[3539, 3540, 1]
[3540, 3541, -1]
[3542, 1223, 1]
[3542, 60, 1]
[3543, 939, 1]
[3544, 1116, 1]
[3545, 215, 1]
[3546, 323, 1]
[3547, 752, 1]
[3548, 2014, 1]
[3549, 318, 1]
[3550, 1543, 1]
[3550, 802, 1]
[3551, 3552, 1]
[3552, 3553, -1]
[3554, 3555, 1]
[3555, 3556, -1]
[3557, 244, 1]
[3558, 631, 1]
[3558, 1896, 1]
[3559, 75, 1]
[3560, 2637, 1]
[3561, 3562, 1]
[3562, 1480, -1]
[3562, 1481, -1]
[3562, 1480, -1]
[3562, 966, -1]
[3562, 1480, -1]
[3563, 3066, 1]
[3564, 584, 1]
[3565, 456, 1]
[3566, 82, 1]
[3567, 560, 1]
[3567, 387, 1]
[3568, 579, 1]
[3569, 3570, 1]
[3569, 3571, 1]
[3569, 3572, 1]
[3569, 3573, 1]
[3569, 3574, 1]
[3569, 3575, 1]
[3569, 3576, 1]
[3569, 3577, 1]
[3569, 955, 1]
[3569, 3578, -1]
[3579, 84, 1]
[3580, 2417, 1]
[3581, 234, 1]
[3581, 3582, 1]
[3582, 3583, -1]
[3582, 3583, -1]
[3584, 3585, -1]
[3586, 2551, 1]
[3587, 3138, 1]
[3587, 2763, 1]
[3588, 975, 1]
[3588, 3589, 1]
[3588, 96, 1]
[3588, 3590, 1]
[3588, 3591, 1]
[3588, 3592, -1]
[3588, 3592, -1]
[3593, 2017, 1]
[3593, 2017, 1]
[3594, 1206, 1]
[3595, 464, 1]
[3596, 3597, -1]
[3596, 3598, -1]
[3599, 3600, 1]
[3600, 3601, -1]
[3602, 3238, 1]
[3602, 2566, 1]
[3602, 938, 1]
[3603, 2597, 1]
[3604, 80, 1]
[3605, 80, 1]
[3606, 2314, 1]
[3607, 2581, 1]
[3608, 1006, 1]
[3608, 1007, 1]
[3608, 1008, 1]
[3608, 1009, 1]
[3608, 1010, 1]
[3608, 1011, 1]
[3608, 1012, 1]
[3608, 1013, 1]
[3608, 1014, 1]
[3608, 1015, 1]
[3608, 620, 1]
[3608, 474, -1]
[3609, 3610, 1]
[3610, 3611, -1]
[3609, 3610, 1]
[3612, 1230, 1]
[3613, 1072, 1]
[3614, 1378, 1]
[3615, 2009, 1]
[3616, 3138, 1]
[3617, 224, 1]
[3618, 3619, 1]
[3618, 3620, 1]
[3618, 3621, -1]
[3622, 2928, 1]
[3623, 3624, 1]
[3624, 3625, -1]
[3626, 939, 1]
[3627, 1198, 1]
[3628, 646, 1]
[3629, 1228, 1]
[3630, 2689, 1]
[3631, 3632, 1]
[3632, 3633, -1]
[3632, 3633, -1]
[3634, 3635, 1]
[3635, 3636, -1]
[3637, 2122, 1]
[3638, 80, 1]
[3639, 249, 1]
[3640, 2900, 1]
[3641, 94, 1]
[3642, 822, 1]
[3643, 3644, 1]
[3643, 3645, -1]
[3646, 3647, 1]
[3646, 3648, 1]
[3646, 3649, 1]
[3646, 502, 1]
[3646, 3650, 1]
[3646, 504, -1]
[3651, 541, 1]
[3652, 3653, -1]
[3652, 3653, -1]
[3654, 932, 1]
[3655, 385, 1]
[3656, 548, 1]
[3657, 150, 1]
[3658, 3258, 1]
[3659, 3660, 1]
[3660, 3661, -1]
[3659, 1320, 1]
[3659, 3662, 1]
[3662, 3663, -1]
[3662, 1321, -1]
[3659, 3664, -1]
[3665, 2044, 1]
[3666, 1228, 1]
[3667, 198, 1]
[3668, 1136, 1]
[3669, 3670, 1]
[3670, 3671, -1]
[3670, 3672, -1]
[3670, 3671, -1]
[3669, 188, 1]
[3673, 484, 1]
[3673, 3674, 1]
[3674, 416, -1]
[3674, 3675, -1]
[3673, 1563, 1]
[3673, 2041, 1]
[3673, 484, 1]
[3676, 630, 1]
[3676, 3677, 1]
[3676, 2804, 1]
[3676, 3678, -1]
[3676, 3679, -1]
[3680, 579, 1]
[3681, 3682, 1]
[3682, 3683, -1]
[3681, 1810, 1]
[3681, 108, 1]
[3684, 3685, 1]
[3685, 3686, -1]
[3687, 1852, 1]
[3688, 1684, 1]
[3689, 969, 1]
[3689, 1964, 1]
[3690, 208, 1]
[3691, 1244, 1]
[3693, 663, 1]
[3693, 761, 1]
[3693, 665, -1]
[3694, 1569, 1]
[3695, 3696, 1]
[3695, 3697, 1]
[3695, 3698, 1]
[3695, 1622, 1]
[3695, 3699, -1]
[3700, 108, 1]
[3701, 250, 1]
[3702, 270, 1]
[3703, 3704, 1]
[3704, 3705, -1]
[3704, 763, -1]
[3706, 250, 1]
[3707, 1853, 1]
[3707, 2245, 1]
[3708, 3709, 1]
[3709, 3113, -1]
[3710, 456, 1]
[3711, 1434, 1]
[3712, 3713, 1]
[3712, 3714, 1]
[3712, 3715, 1]
[3712, 3716, 1]
[3712, 2437, 1]
[3712, 3717, 1]
[3712, 3718, 1]
[3712, 3719, 1]
[3712, 695, 1]
[3712, 3720, -1]
[3721, 3722, 1]
[3722, 3723, -1]
[3724, 2994, 1]
[3725, 2363, 1]
[3726, 1083, 1]
[3727, 1793, 1]
[3728, 3729, 1]
[3729, 3730, -1]
[3729, 3730, -1]
[3731, 398, 1]
[3732, 88, 1]
[3733, 89, 1]
[3733, 838, 1]
[3734, 70, 1]
[3735, 592, 1]
[3736, 2062, 1]
[3737, 1738, 1]
[3738, 1933, 1]
[3739, 543, 1]
[3740, 3741, 1]
[3741, 3742, -1]
[3741, 556, -1]
[3741, 557, -1]
[3741, 557, -1]
[3741, 557, -1]
[3741, 3743, -1]
[3744, 3745, 1]
[3745, 3746, -1]
[3745, 3746, -1]
[3747, 1072, 1]
[3748, 1114, 1]
[3748, 1114, 1]
[3749, 1244, 1]
[3749, 1613, 1]
[3750, 3751, 1]
[3751, 3752, -1]
[3751, 3752, -1]
[3753, 3244, 1]
[3753, 3244, 1]
[3754, 1801, 1]
[3754, 1805, -1]
[3755, 481, 1]
[3756, 838, 1]
[3756, 1143, 1]
[3756, 3332, 1]
[3757, 3592, 1]
[3758, 3759, 1]
[3759, 3760, -1]
[3758, 1156, 1]
[3761, 1586, 1]
[3762, 319, 1]
[3763, 264, 1]
[3764, 2724, 1]
[3764, 2724, 1]
[3765, 939, 1]
[3766, 3767, 1]
[3767, 3768, -1]
[3766, 1320, 1]
[3766, 3769, 1]
[3769, 3770, -1]
[3771, 3741, 1]
[3772, 2170, 1]
[3773, 2522, 1]
[3774, 1438, 1]
[3775, 3776, 1]
[3775, 3777, -1]
[3778, 1057, 1]
[3779, 595, 1]
[3780, 932, 1]
[3781, 2009, 1]
[3781, 3782, -1]
[3783, 1130, 1]
[3783, 1089, 1]
[3783, 2585, 1]
[3784, 3785, 1]
[3785, 3786, -1]
[3787, 1908, 1]
[3788, 197, 1]
[3789, 87, 1]
[3790, 2268, 1]
[3791, 1398, 1]
[3791, 1730, 1]
[3792, 318, 1]
[3793, 824, 1]
[3794, 681, 1]
[3794, 681, 1]
[3794, 3795, 1]
[3795, 3796, -1]
[3797, 3798, 1]
[3798, 3799, -1]
[3800, 82, 1]
[3801, 1173, 1]
[3802, 1888, 1]
[3803, 1177, 1]
[3803, 3804, -1]
[3805, 2628, 1]
[3806, 648, 1]
[3807, 3808, 1]
[3808, 3809, -1]
[3810, 80, 1]
[3811, 3812, 1]
[3811, 3813, -1]
[3814, 3674, 1]
[3815, 939, 1]
[3815, 3477, 1]
[3815, 1753, 1]
[3815, 939, 1]
[3816, 1121, 1]
[3816, 1870, 1]
[3817, 274, 1]
[3818, 138, 1]
[3819, 3820, 1]
[3820, 3821, -1]
[3822, 2978, 1]
[3823, 3824, 1]
[3824, 3825, -1]
[3826, 3827, 1]
[3827, 3828, -1]
[3829, 282, 1]
[3830, 15, 1]
[3831, 3016, 1]
[3832, 201, 1]
[3833, 3834, 1]
[3834, 3835, -1]
[3836, 930, 1]
[3836, 930, 1]
[3836, 932, 1]
[3837, 3838, 1]
[3837, 3839, 1]
[3839, 3840, -1]
[3837, 3841, 1]
[3837, 3065, 1]
[3837, 3842, 1]
[3837, 3843, 1]
[3837, 2434, -1]
[3844, 3845, 1]
[3845, 3846, -1]
[3847, 3848, 1]
[3847, 3849, -1]
[3850, 1716, 1]
[3851, 1631, 1]
[3852, 84, 1]
[3853, 2576, 1]
[3853, 3854, -1]
[3855, 3147, 1]
[3856, 368, 1]
[3857, 1766, 1]
[3857, 2159, 1]
[3858, 1116, 1]
[3859, 2461, 1]
[3860, 2928, 1]
[3861, 3862, 1]
[3862, 287, -1]
[3862, 3863, -1]
[3864, 3328, 1]
[3865, 815, 1]
[3865, 38, 1]
[3865, 2829, 1]
[3865, 585, 1]
[3865, 585, 1]
[3866, 118, 1]
[3866, 3867, 1]
[3867, 3868, -1]
[3869, 1045, 1]
[3870, 3871, 1]
[3870, 265, 1]
[3870, 3872, 1]
[3870, 3329, 1]
[3870, 3873, -1]
[3874, 650, 1]
[3875, 344, 1]
[3876, 3877, 1]
[3876, 3878, -1]
[3879, 1536, 1]
[3880, 3881, 1]
[3881, 3882, -1]
[3883, 883, 1]
[3884, 250, 1]
[3885, 543, 1]
[3886, 3887, 1]
[3887, 3888, -1]
[3887, 2134, -1]
[3889, 3123, 1]
[3890, 1145, 1]
[3891, 1431, 1]
[3891, 3892, -1]
[3893, 3894, 1]
[3893, 2699, -1]
[3893, 3895, -1]
[3896, 3897, 1]
[3896, 3898, 1]
[3898, 3899, -1]
[3896, 403, 1]
[3896, 3073, 1]
[3896, 3900, 1]
[3900, 3901, -1]
[3896, 3902, -1]
[3903, 249, 1]
[3904, 2170, 1]
[3905, 192, 1]
[3906, 1036, 1]
[3906, 1674, 1]
[3907, 1288, 1]
[3908, 3540, 1]
[3908, 3909, -1]
[3908, 3910, -1]
[3911, 80, 1]
[3912, 1222, 1]
[3913, 1226, 1]
[3914, 979, 1]
[3914, 189, 1]
[3914, 975, 1]
[3915, 560, 1]
[3915, 507, 1]
[3916, 855, 1]
[3918, 515, 1]
[3919, 201, 1]
[3920, 270, 1]
[3921, 1059, 1]
[3921, 475, 1]
[3922, 1526, 1]
[3923, 3924, 1]
[3924, 3925, -1]
[3926, 809, 1]
[3927, 165, 1]
[3928, 876, 1]
[3929, 1135, 1]
[3930, 883, 1]
[3930, 885, 1]
[3931, 3932, 1]
[3931, 3933, 1]
[3931, 3934, 1]
[3931, 3935, 1]
[3931, 3674, 1]
[3931, 3936, 1]
[3936, 3675, -1]
[3931, 3675, -1]
[3937, 1931, 1]
[3937, 1198, 1]
[3938, 406, 1]
[3939, 518, 1]
[3940, 1407, 1]
[3941, 933, 1]
[3942, 611, 1]
[3943, 208, 1]
[3944, 584, 1]
[3944, 932, 1]
[3945, 1198, 1]
[3945, 3946, -1]
[3947, 2928, 1]
[3948, 1869, 1]
[3949, 75, 1]
[3950, 1199, 1]
[3951, 359, 1]
[3952, 3953, -1]
[3954, 1300, 1]
[3955, 15, 1]
[3956, 753, 1]
[3957, 20, 1]
[3958, 1017, 1]
[3959, 116, 1]
[3960, 210, 1]
[3961, 2453, 1]
[3961, 2452, 1]
[3962, 3273, 1]
[3962, 3273, 1]
[3962, 2631, 1]
[3963, 1322, 1]
[3964, 3965, 1]
[3965, 3966, -1]
[3967, 457, 1]
[3968, 974, 1]
[3969, 2806, 1]
[3970, 1244, 1]
[3970, 3798, 1]
[3971, 1591, 1]
[3972, 723, 1]
[3973, 1362, 1]
[3974, 1675, 1]
[3975, 533, 1]
[3975, 14, 1]
[3976, 1549, 1]
[3977, 2474, 1]
[3978, 80, 1]
[3979, 2145, 1]
[3980, 713, 1]
[3981, 3178, 1]
[3982, 1797, 1]
[3983, 1622, 1]
[3983, 345, 1]
[3984, 947, 1]
[3985, 82, 1]
[3986, 2268, 1]
[3987, 250, 1]
[3988, 3310, 1]
[3988, 3311, 1]
[3988, 3312, -1]
[3989, 250, 1]
[3990, 250, 1]
[3991, 16, 1]
[3991, 2190, 1]
[3992, 927, 1]
[3993, 1591, 1]
[3993, 481, 1]
[3994, 250, 1]
[3995, 1107, 1]
[3996, 80, 1]
[3997, 3998, 1]
[3998, 3999, -1]
[3997, 4000, 1]
[3997, 4001, 1]
[3997, 4002, -1]
[4003, 138, 1]
[4004, 219, 1]
[4005, 319, 1]
[4006, 4007, 1]
[4006, 1107, 1]
[4006, 4008, -1]
[4009, 4010, 1]
[4010, 4011, -1]
[4012, 3206, 1]
[4012, 3205, 1]
[4013, 3670, 1]
[4014, 80, 1]
[4015, 1585, 1]
[4016, 2009, 1]
[4017, 456, 1]
[4018, 2260, 1]
[4018, 1355, 1]
[4019, 4020, 1]
[4020, 4021, -1]
[4022, 662, 1]
[4023, 2, 1]
[4024, 281, 1]
[4024, 138, 1]
[4025, 884, 1]
[4025, 1230, 1]
[4026, 4027, 1]
[4026, 4028, 1]
[4026, 4029, 1]
[4026, 4030, 1]
[4026, 4031, 1]
[4026, 4032, 1]
[4026, 4033, 1]
[4026, 4034, 1]
[4026, 4035, 1]
[4026, 2857, 1]
[4026, 4036, 1]
[4036, 4037, -1]
[4026, 4038, 1]
[4026, 4039, 1]
[4026, 1168, 1]
[4026, 4040, 1]
[4026, 4040, 1]
[4026, 956, 1]
[4026, 4041, 1]
[4026, 4042, 1]
[4042, 4043, -1]
[4026, 4044, 1]
[4026, 1095, 1]
[4026, 4045, 1]
[4026, 3413, 1]
[4026, 3107, 1]
[4026, 4046, 1]
[4026, 135, 1]
[4026, 521, 1]
[4026, 1139, 1]
[4026, 2628, 1]
[4026, 2988, 1]
[4026, 2634, 1]
[4026, 153, 1]
[4026, 1097, -1]
[4026, 1097, -1]
[4026, 1097, -1]
[4047, 1724, 1]
[4048, 4049, 1]
[4049, 4050, -1]
[4051, 1907, 1]
[4052, 210, 1]
[4053, 4054, 1]
[4054, 4055, -1]
[4056, 426, 1]
[4057, 4058, 1]
[4058, 4059, -1]
[4060, 1845, 1]
[4061, 807, 1]
[4062, 4063, 1]
[4062, 4064, -1]
[4065, 938, 1]
[4066, 2906, 1]
[4067, 3786, 1]
[4068, 1660, 1]
[4069, 4070, 1]
[4070, 4071, -1]
[4072, 461, 1]
[4073, 80, 1]
[4074, 462, 1]
[4075, 2110, 1]
[4076, 1624, 1]
[4076, 821, 1]
[4077, 392, 1]
[4078, 1988, 1]
[4078, 3846, 1]
[4079, 2589, 1]
[4079, 1183, 1]
[4080, 90, 1]
[4081, 4082, 1]
[4082, 786, -1]
[4082, 786, -1]
[4082, 786, -1]
[4083, 4084, 1]
[4084, 4085, -1]
[4086, 249, 1]
[4087, 250, 1]
[4088, 249, 1]
[4089, 250, 1]
[4090, 4091, 1]
[4091, 4092, -1]
[4093, 646, 1]
[4094, 998, 1]
[4095, 1681, 1]
[4095, 2052, 1]
[4096, 80, 1]
[4097, 106, 1]
[4097, 4098, 1]
[4098, 4099, -1]
[4097, 4100, -1]
[4097, 4101, -1]
[4102, 1038, 1]
[4102, 1038, 1]
[4103, 4104, 1]
[4104, 4105, -1]
[4106, 1590, 1]
[4107, 1006, 1]
[4107, 1007, 1]
[4107, 1008, 1]
[4107, 1009, 1]
[4107, 1010, 1]
[4107, 1011, 1]
[4107, 1012, 1]
[4107, 1013, 1]
[4107, 1014, 1]
[4107, 1015, 1]
[4107, 620, 1]
[4107, 474, -1]
[4108, 4109, 1]
[4109, 762, -1]
[4110, 1183, 1]
[4111, 1853, 1]
[4112, 128, 1]
[4113, 1841, 1]
[4114, 4115, 1]
[4114, 4116, -1]
[4117, 1293, 1]
[4117, 4118, -1]
[4119, 2763, 1]
[4121, 595, 1]
[4121, 4122, -1]
[4123, 481, 1]
[4124, 2426, 1]
[4125, 880, 1]
[4126, 1357, 1]
[4127, 216, 1]
[4128, 2263, 1]
[4128, 4129, 1]
[4129, 4130, -1]
[4129, 4130, -1]
[4131, 557, 1]
[4132, 1600, 1]
[4133, 2484, 1]
[4134, 1097, 1]
[4135, 749, 1]
[4135, 2335, 1]
[4135, 1550, 1]
[4136, 4137, -1]
[4138, 1388, 1]
[4139, 3101, 1]
[4140, 1455, 1]
[4141, 1678, 1]
[4141, 4142, -1]
[4143, 704, 1]
[4143, 1713, -1]
[4144, 3786, 1]
[4145, 4146, 1]
[4146, 4147, -1]
[4146, 1553, -1]
[4148, 2110, 1]
[4148, 846, 1]
[4149, 2522, 1]
[4150, 575, 1]
[4151, 118, 1]
[4152, 651, 1]
[4152, 4153, 1]
[4153, 4154, -1]
[4155, 419, 1]
[4156, 38, 1]
[4157, 2, 1]
[4157, 242, 1]
[4157, 4158, 1]
[4158, 4159, -1]
[4158, 4159, -1]
[4157, 242, 1]
[4157, 1206, 1]
[4157, 933, 1]
[4160, 1034, 1]
[4161, 4162, 1]
[4162, 4163, -1]
[4164, 1585, 1]
[4165, 289, 1]
[4166, 1907, 1]
[4167, 2417, 1]
[4168, 1892, 1]
[4169, 1300, 1]
[4170, 42, 1]
[4170, 3678, 1]
[4171, 2788, 1]
[4171, 2808, 1]
[4171, 1780, 1]
[4171, 2790, -1]
[4172, 1439, 1]
[4173, 2529, 1]
[4174, 3085, 1]
[4175, 1713, 1]
[4176, 1398, 1]
[4177, 676, 1]
[4177, 1402, 1]
[4177, 3344, 1]
[4178, 4179, 1]
[4178, 585, 1]
[4178, 815, 1]
[4178, 2928, 1]
[4178, 834, 1]
[4178, 4180, -1]
[4178, 4181, -1]
[4182, 4183, 1]
[4183, 4184, -1]
[4185, 3169, 1]
[4186, 3416, 1]
[4187, 378, 1]
[4188, 1543, 1]
[4188, 4189, 1]
[4189, 4190, -1]
[4191, 2133, 1]
[4192, 1786, 1]
[4193, 1338, 1]
[4194, 3399, 1]
[4195, 4196, 1]
[4195, 2163, 1]
[4195, 1586, 1]
[4195, 209, 1]
[4195, 4197, -1]
[4198, 572, 1]
[4199, 77, 1]
[4200, 138, 1]
[4201, 221, 1]
[4202, 557, 1]
[4203, 4204, 1]
[4204, 4205, -1]
[4206, 1089, 1]
[4207, 580, 1]
[4207, 2896, 1]
[4208, 1062, 1]
[4208, 1070, 1]
[4209, 2442, 1]
[4210, 4211, 1]
[4211, 4212, -1]
[4213, 4214, 1]
[4214, 4215, -1]
[4213, 14, 1]
[4216, 1177, 1]
[4217, 2640, 1]
[4218, 535, 1]
[4219, 4129, 1]
[4220, 4221, 1]
[4220, 104, -1]
[4222, 2170, 1]
[4223, 580, 1]
[4224, 224, 1]
[4225, 1896, 1]
[4226, 2550, 1]
[4227, 542, 1]
[4228, 2483, 1]
[4229, 1609, 1]
[4230, 556, 1]
[4230, 4231, -1]
[4232, 4233, 1]
[4232, 4234, 1]
[4232, 4235, 1]
[4232, 4236, -1]
[4237, 1126, 1]
[4237, 3163, -1]
[4238, 4239, 1]
[4239, 4240, -1]
[4241, 4242, 1]
[4241, 4243, 1]
[4243, 4244, -1]
[4241, 4245, -1]
[4246, 515, 1]
[4247, 1145, 1]
[4247, 458, 1]
[4247, 1145, 1]
[4248, 4249, 1]
[4248, 3512, -1]
[4250, 746, 1]
[4251, 364, 1]
[4252, 4082, 1]
[4253, 16, 1]
[4254, 4255, 1]
[4255, 4256, -1]
[4254, 4255, 1]
[4254, 4257, 1]
[4257, 4258, -1]
[4259, 3400, 1]
[4259, 3372, 1]
[4259, 2038, 1]
[4259, 275, 1]
[4259, 2745, -1]
[4260, 4261, 1]
[4261, 4142, -1]
[4260, 4262, 1]
[4260, 4263, 1]
[4263, 1266, -1]
[4260, 359, 1]
[4260, 2453, -1]
[4264, 1907, 1]
[4265, 1073, 1]
[4267, 493, 1]
[4268, 1792, 1]
[4269, 592, 1]
[4270, 1024, 1]
[4270, 4129, 1]
[4271, 4272, 1]
[4272, 4273, -1]
[4274, 1660, 1]
[4275, 2589, 1]
[4276, 3456, 1]
[4277, 4278, 1]
[4277, 4279, -1]
[4280, 3846, 1]
[4281, 646, 1]
[4282, 3530, 1]
[4283, 1395, 1]
[4284, 234, 1]
[4285, 1121, 1]
[4286, 4287, -1]
[4286, 4288, -1]
[4289, 419, 1]
[4291, 465, 1]
[4292, 69, 1]
[4293, 1738, 1]
[4293, 1355, 1]
[4294, 341, 1]
[4295, 631, 1]
[4296, 4297, 1]
[4297, 4298, -1]
[4299, 834, 1]
[4300, 2260, 1]
[4301, 4302, 1]
[4301, 15, 1]
[4301, 4303, 1]
[4301, 4304, 1]
[4301, 2443, -1]
[4305, 4011, 1]
[4306, 367, 1]
[4307, 572, 1]
[4307, 1024, 1]
[4308, 1512, 1]
[4309, 943, 1]
[4309, 4310, 1]
[4310, 903, -1]
[4310, 4311, -1]
[4312, 2, 1]
[4312, 852, 1]
[4313, 1525, 1]
[4314, 89, 1]
[4314, 38, 1]
[4314, 1063, 1]
[4315, 956, 1]
[4315, 14, 1]
[4316, 4317, 1]
[4316, 4318, -1]
[4319, 3552, 1]
[4319, 4320, -1]
[4321, 2, 1]
[4321, 426, 1]
[4322, 80, 1]
[4324, 82, 1]
[4325, 26, 1]
[4326, 946, 1]
[4327, 1229, 1]
[4328, 759, 1]
[4329, 1608, 1]
[4330, 1810, 1]
[4331, 1516, 1]
[4332, 4333, 1]
[4332, 4334, 1]
[4332, 4335, 1]
[4332, 4336, 1]
[4332, 1018, -1]
[4337, 1399, 1]
[4338, 282, 1]
[4338, 1004, 1]
[4339, 16, 1]
[4340, 1766, 1]
[4341, 3729, 1]
[4342, 417, 1]
[4343, 4344, 1]
[4343, 4345, 1]
[4343, 4346, -1]
[4347, 1653, 1]
[4347, 2530, 1]
[4348, 2356, 1]
[4349, 1002, 1]
[4349, 2034, 1]
[4350, 1660, 1]
[4351, 197, 1]
[4353, 21, 1]
[4354, 1448, 1]
[4355, 2919, 1]
[4355, 1456, 1]
[4355, 925, 1]
[4356, 4357, 1]
[4357, 4358, -1]
[4359, 3965, 1]
[4359, 4357, 1]
[4360, 1036, 1]
[4360, 1036, 1]
[4360, 1036, 1]
[4360, 2739, 1]
[4362, 3332, 1]
[4362, 1966, 1]
[4362, 1030, 1]
[4363, 293, 1]
[4364, 250, 1]
[4365, 3555, 1]
[4366, 2458, 1]
[4367, 1675, 1]
[4367, 1675, 1]
[4367, 299, 1]
[4367, 4368, 1]
[4368, 4369, -1]
[4367, 4370, 1]
[4367, 4367, 1]
[4367, 4367, 1]
[4367, 3148, 1]
[4367, 4371, 1]
[4367, 4372, 1]
[4367, 4373, 1]
[4367, 4374, 1]
[4367, 4375, 1]
[4367, 4376, 1]
[4367, 4377, 1]
[4367, 4378, 1]
[4378, 4379, -1]
[4367, 4380, 1]
[4367, 368, 1]
[4367, 4381, 1]
[4367, 2839, 1]
[4367, 4382, 1]
[4367, 4383, 1]
[4367, 4384, 1]
[4367, 3974, 1]
[4367, 4385, 1]
[4367, 4386, 1]
[4367, 4387, 1]
[4367, 4388, 1]
[4367, 4389, 1]
[4367, 4389, 1]
[4367, 543, 1]
[4367, 475, 1]
[4367, 1367, 1]
[4367, 1674, -1]
[4367, 1674, -1]
[4367, 1674, -1]
[4390, 859, 1]
[4391, 4392, 1]
[4392, 4393, -1]
[4394, 2323, 1]
[4395, 671, 1]
[4396, 853, 1]
[4397, 73, 1]
[4397, 71, 1]
[4398, 3101, 1]
[4399, 633, 1]
[4400, 387, 1]
[4401, 1206, 1]
[4402, 4403, 1]
[4402, 4338, 1]
[4402, 4404, 1]
[4404, 4405, -1]
[4402, 4406, 1]
[4402, 4407, 1]
[4402, 606, 1]
[4402, 817, 1]
[4402, 1214, 1]
[4402, 1613, -1]
[4408, 88, 1]
[4409, 2292, 1]
[4409, 150, 1]
[4410, 3840, 1]
[4410, 1727, 1]
[4411, 2763, 1]
[4412, 2260, 1]
[4413, 4414, 1]
[4414, 4415, -1]
[4416, 21, 1]
[4417, 2062, 1]
[4418, 698, 1]
[4419, 454, 1]
[4419, 4420, 1]
[4419, 3741, 1]
[4419, 4421, 1]
[4419, 4422, 1]
[4419, 4423, 1]
[4423, 361, -1]
[4419, 4378, 1]
[4419, 3873, -1]
[4419, 1744, -1]
[4424, 1599, 1]
[4424, 807, 1]
[4424, 2585, 1]
[4424, 1422, 1]
[4425, 1869, 1]
[4426, 1908, 1]
[4427, 1034, 1]
[4428, 205, 1]
[4429, 250, 1]
[4430, 4431, 1]
[4431, 4432, -1]
[4433, 250, 1]
[4434, 4435, 1]
[4435, 4436, -1]
[4437, 2277, 1]
[4437, 384, 1]
[4438, 779, 1]
[4439, 984, 1]
[4439, 1779, 1]
[4440, 4441, 1]
[4440, 4442, -1]
[4443, 2576, 1]
[4444, 250, 1]
[4445, 250, 1]
[4446, 250, 1]
[4447, 2829, 1]
[4448, 535, 1]
[4449, 4450, 1]
[4450, 4451, -1]
[4452, 1753, 1]
[4453, 1649, 1]
[4454, 3136, 1]
[4454, 620, 1]
[4454, 623, 1]
[4455, 955, 1]
[4456, 4457, 1]
[4457, 4458, -1]
[4459, 513, 1]
[4460, 29, 1]
[4460, 4461, 1]
[4461, 3123, -1]
[4460, 4462, 1]
[4462, 1565, -1]
[4462, 822, -1]
[4463, 756, 1]
[4464, 3066, 1]
[4465, 80, 1]
[4466, 1591, 1]
[4466, 1591, 1]
[4466, 659, 1]
[4467, 2529, 1]
[4468, 4469, 1]
[4468, 20, 1]
[4468, 4470, 1]
[4468, 2035, -1]
[4471, 264, 1]
[4471, 264, 1]
[4472, 752, 1]
[4473, 853, 1]
[4474, 1550, 1]
[4475, 1622, 1]
[4476, 646, 1]
[4477, 1968, 1]
[4477, 1901, 1]
[4477, 1684, 1]
[4478, 4479, 1]
[4479, 4480, -1]
[4481, 1176, 1]
[4482, 871, 1]
[4483, 1818, 1]
[4484, 198, 1]
[4485, 3868, 1]
[4486, 1206, 1]
[4487, 2218, 1]
[4488, 4489, 1]
[4489, 4490, -1]
[4491, 2037, 1]
[4492, 391, 1]
[4493, 1869, 1]
[4494, 1973, 1]
[4495, 214, 1]
[4496, 1150, 1]
[4497, 4498, 1]
[4497, 3316, -1]
[4499, 1818, 1]
[4499, 2038, 1]
[4499, 35, 1]
[4500, 249, 1]
[4502, 507, 1]
[4503, 4480, 1]
[4504, 1439, 1]
[4504, 3079, 1]
[4505, 1484, 1]
[4506, 4507, 1]
[4507, 4508, -1]
[4509, 2921, 1]
[4510, 2612, 1]
[4511, 4263, 1]
[4512, 4513, 1]
[4512, 4514, 1]
[4512, 4515, 1]
[4512, 4516, -1]
[4517, 393, 1]
[4518, 481, 1]
[4519, 1731, 1]
[4520, 3846, 1]
[4521, 208, 1]
[4522, 4523, 1]
[4522, 453, 1]
[4522, 4524, -1]
[4525, 2628, 1]
[4526, 4527, 1]
[4527, 4528, -1]
[4529, 189, 1]
[4530, 1589, 1]
[4531, 3416, 1]
[4532, 509, 1]
[4532, 507, 1]
[4533, 1810, 1]
[4534, 338, 1]
[4535, 464, 1]
[4536, 2321, 1]
[4536, 2322, -1]
[4537, 197, 1]
[4537, 195, 1]
[4537, 1509, 1]
[4538, 4189, 1]
[4539, 984, 1]
[4539, 4540, -1]
[4541, 2183, 1]
[4542, 250, 1]
[4543, 2151, 1]
[4544, 3417, 1]
[4545, 3570, 1]
[4545, 4546, 1]
[4545, 4547, 1]
[4545, 4011, -1]
[4548, 2529, 1]
[4549, 698, 1]
[4550, 2170, 1]
[4551, 264, 1]
[4552, 259, 1]
[4553, 178, 1]
[4553, 4554, 1]
[4554, 4555, -1]
[4553, 4556, 1]
[4556, 4557, -1]
[4553, 1508, 1]
[4558, 1228, 1]
[4559, 3058, 1]
[4560, 3729, 1]
[4560, 542, 1]
[4560, 2146, 1]
[4560, 1980, 1]
[4561, 21, 1]
[4562, 943, 1]
[4563, 249, 1]
[4564, 975, 1]
[4565, 833, 1]
[4566, 245, 1]
[4567, 780, 1]
[4567, 1198, 1]
[4568, 1448, 1]
[4569, 1622, 1]
[4569, 1622, 1]
[4569, 563, 1]
[4570, 232, 1]
[4571, 2187, 1]
[4572, 1388, 1]
[4572, 195, 1]
[4573, 3312, 1]
[4574, 2244, 1]
[4574, 20, 1]
[4575, 368, 1]
[4575, 932, 1]
[4576, 1439, 1]
[4576, 3079, 1]
[4577, 883, 1]
[4578, 3329, 1]
[4578, 3329, 1]
[4579, 2792, 1]
[4580, 4581, 1]
[4580, 4582, 1]
[4580, 4583, 1]
[4580, 1834, 1]
[4580, 4584, -1]
[4585, 575, 1]
[4586, 2584, 1]
[4586, 535, 1]
[4587, 80, 1]
[4588, 1713, 1]
[4589, 699, 1]
[4590, 3808, 1]
[4591, 2794, 1]
[4591, 2790, 1]
[4591, 129, 1]
[4591, 2, 1]
[4591, 750, 1]
[4591, 328, 1]
[4592, 620, 1]
[4593, 1033, 1]
[4594, 1343, 1]
[4595, 584, 1]
[4595, 1753, 1]
[4595, 2434, 1]
[4595, 2973, 1]
[4595, 1753, 1]
[4595, 4596, -1]
[4597, 759, 1]
[4598, 3205, 1]
[4599, 4600, 1]
[4599, 2808, 1]
[4599, 428, 1]
[4599, 1901, 1]
[4599, 4601, -1]
[4602, 688, 1]
[4603, 1870, 1]
[4604, 955, 1]
[4605, 2689, 1]
[4606, 838, 1]
[4607, 3286, 1]
[4608, 1266, 1]
[4609, 3138, 1]
[4609, 871, 1]
[4610, 3759, 1]
[4611, 80, 1]
[4612, 415, 1]
[4613, 623, 1]
[4614, 680, 1]
[4614, 680, 1]
[4614, 681, -1]
[4615, 4616, 1]
[4616, 4617, -1]
[4618, 1766, 1]
[4618, 2014, 1]
[4619, 1266, 1]
[4620, 4436, 1]
[4621, 1645, 1]
[4621, 1647, -1]
[4622, 2128, 1]
[4623, 928, 1]
[4624, 2973, 1]
[4625, 4626, 1]
[4625, 4627, 1]
[4627, 4628, -1]
[4625, 1919, 1]
[4625, 4629, -1]
[4630, 1660, 1]
[4631, 1822, 1]
[4631, 4632, 1]
[4632, 4633, -1]
[4634, 4635, 1]
[4635, 4636, -1]
[4637, 1024, 1]
[4638, 4639, 1]
[4639, 4640, -1]
[4641, 2465, 1]
[4642, 3134, 1]
[4642, 2640, 1]
[4643, 2170, 1]
[4644, 4645, 1]
[4644, 4646, 1]
[4644, 4647, -1]
[4648, 2218, 1]
[4649, 318, 1]
[4650, 4651, 1]
[4651, 4652, -1]
[4653, 2689, 1]
[4655, 398, 1]
[4655, 584, 1]
[4655, 82, 1]
[4655, 3308, 1]
[4656, 2163, 1]
[4657, 1036, 1]
[4657, 340, 1]
[4658, 2170, 1]
[4659, 3010, 1]
[4660, 1663, 1]
[4661, 2434, 1]
[4662, 660, 1]
[4662, 965, 1]
[4663, 1036, 1]
[4664, 4665, 1]
[4664, 599, 1]
[4664, 4666, -1]
[4667, 1512, 1]
[4668, 950, 1]
[4669, 1395, 1]
[4670, 250, 1]
[4671, 250, 1]
[4672, 1674, 1]
[4673, 1072, 1]
[4674, 1034, 1]
[4674, 1034, 1]
[4675, 481, 1]
[4676, 1177, 1]
[4676, 4677, -1]
[4678, 4679, 1]
[4678, 115, -1]
[4680, 1227, 1]
[4681, 4682, 1]
[4682, 2770, -1]
[4682, 4683, -1]
[4684, 1121, 1]
[4685, 1201, 1]
[4686, 1518, 1]
[4686, 340, 1]
[4687, 1107, 1]
[4688, 1265, 1]
[4689, 705, 1]
[4689, 2356, 1]
[4690, 968, 1]
[4691, 4692, 1]
[4692, 4693, -1]
[4694, 745, 1]
[4695, 4696, 1]
[4696, 4697, -1]
[4698, 1522, 1]
[4699, 4700, 1]
[4700, 4701, -1]
[4702, 1600, 1]
[4703, 2217, 1]
[4704, 82, 1]
[4705, 249, 1]
[4706, 492, 1]
[4707, 4708, 1]
[4708, 115, -1]
[4709, 1954, 1]
[4710, 1350, 1]
[4711, 162, 1]
[4712, 3417, 1]
[4713, 80, 1]
[4714, 2013, 1]
[4715, 1044, 1]
[4716, 4717, 1]
[4716, 4718, -1]
[4719, 1508, 1]
[4721, 497, 1]
[4722, 4462, 1]
[4723, 4724, 1]
[4724, 4725, -1]
[4726, 651, 1]
[4726, 647, 1]
[4727, 632, 1]
[4728, 4369, 1]
[4728, 292, 1]
[4729, 3635, 1]
[4730, 1036, 1]
[4730, 1036, 1]
[4731, 1322, 1]
[4732, 1160, 1]
[4733, 197, 1]
[4734, 150, 1]
[4735, 1675, 1]
[4735, 2, 1]
[4735, 259, 1]
[4735, 4736, 1]
[4736, 4737, -1]
[4738, 1113, 1]
[4738, 579, 1]
[4738, 590, 1]
[4739, 197, 1]
[4740, 2066, 1]
[4741, 4742, 1]
[4742, 4743, -1]
[4744, 3136, 1]
[4744, 3138, 1]
[4744, 2191, 1]
[4745, 98, 1]
[4745, 99, -1]
[4746, 2, 1]
[4747, 1212, 1]
[4747, 3298, 1]
[4748, 4749, 1]
[4749, 718, -1]
[4750, 4751, 1]
[4751, 2474, -1]
[4750, 4752, 1]
[4750, 584, 1]
[4750, 3382, 1]
[4750, 4753, 1]
[4750, 596, 1]
[4750, 52, 1]
[4750, 3258, 1]
[4750, 4754, -1]
[4755, 1786, 1]
[4756, 94, 1]
[4757, 2488, 1]
[4758, 2761, 1]
[4759, 2080, 1]
[4760, 75, 1]
[4760, 2727, 1]
[4761, 999, 1]
[4762, 4763, 1]
[4763, 4764, -1]
[4765, 250, 1]
[4766, 234, 1]
[4767, 2921, 1]
[4768, 3118, 1]
[4770, 2333, 1]
[4770, 312, 1]
[4771, 35, 1]
[4771, 760, 1]
[4772, 227, 1]
[4773, 4774, 1]
[4774, 4775, -1]
[4776, 1036, 1]
[4776, 1036, 1]
[4777, 270, 1]
[4778, 518, 1]
[4779, 2708, 1]
[4779, 802, 1]
[4779, 4255, 1]
[4780, 412, 1]
[4781, 1675, 1]
[4782, 4783, 1]
[4783, 4784, -1]
[4785, 307, 1]
[4786, 1367, 1]
[4787, 470, 1]
[4788, 515, 1]
[4789, 584, 1]
[4790, 1065, 1]
[4790, 4297, 1]
[4791, 1179, 1]
[4792, 2581, 1]
[4793, 4794, 1]
[4794, 4795, -1]
[4793, 648, 1]
[4796, 1870, 1]
[4797, 4357, 1]
[4797, 2550, 1]
[4798, 3066, 1]
[4799, 534, 1]
[4799, 16, 1]
[4799, 840, 1]
[4800, 75, 1]
[4801, 1367, 1]
[4802, 571, 1]
[4803, 316, 1]
[4804, 1907, 1]
[4805, 2146, 1]
[4805, 3632, 1]
[4805, 3729, 1]
[4805, 2530, 1]
[4805, 1980, 1]
[4806, 582, 1]
[4806, 582, 1]
[4807, 165, 1]
[4808, 138, 1]
[4809, 4810, 1]
[4810, 4811, -1]
[4812, 2409, 1]
[4812, 1186, 1]
[4813, 582, 1]
[4814, 323, 1]
[4814, 526, 1]
[4815, 16, 1]
[4816, 205, 1]
[4817, 3122, 1]
[4818, 3362, 1]
[4818, 4524, 1]
[4819, 80, 1]
[4820, 4821, 1]
[4820, 1240, 1]
[4820, 4822, 1]
[4820, 3220, 1]
[4820, 345, 1]
[4820, 4823, 1]
[4820, 4824, 1]
[4820, 4825, 1]
[4820, 4826, 1]
[4820, 4827, 1]
[4820, 4828, -1]
[4820, 4828, -1]
[4820, 344, -1]
[4829, 631, 1]
[4830, 871, 1]
[4831, 760, 1]
[4832, 250, 1]
[4833, 250, 1]
[4834, 82, 1]
[4835, 1342, 1]
[4836, 377, 1]
[4837, 2363, 1]
[4838, 358, 1]
[4839, 3205, 1]
[4840, 4841, 1]
[4841, 1973, -1]
[4842, 3709, 1]
[4843, 579, 1]
[4843, 3682, 1]
[4844, 1037, 1]
[4845, 4846, 1]
[4846, 4847, -1]
[4848, 1582, 1]
[4849, 4850, 1]
[4849, 3013, 1]
[4849, 4851, 1]
[4849, 3010, -1]
[4852, 242, 1]
[4853, 2356, 1]
[4854, 4855, -1]
[4856, 4857, 1]
[4856, 219, 1]
[4856, 4858, 1]
[4856, 4859, 1]
[4856, 1853, 1]
[4856, 4860, 1]
[4856, 4861, 1]
[4856, 3112, 1]
[4856, 4862, 1]
[4856, 4863, 1]
[4856, 4864, 1]
[4856, 4865, 1]
[4856, 1853, 1]
[4856, 1896, 1]
[4856, 4866, -1]
[4856, 3828, -1]
[4867, 2035, 1]
[4868, 474, 1]
[4870, 4871, 1]
[4871, 4872, -1]
[4873, 16, 1]
[4874, 1598, 1]
[4875, 1259, 1]
[4876, 48, 1]
[4877, 3334, 1]
[4877, 4878, 1]
[4878, 1797, -1]
[4878, 4879, -1]
[4877, 2900, 1]
[4877, 222, 1]
[4880, 1907, 1]
[4881, 307, 1]
[4882, 2624, 1]
[4883, 1176, 1]
[4884, 4885, 1]
[4885, 4886, -1]
[4884, 467, 1]
[4884, 1569, 1]
[4888, 2487, 1]
[4889, 778, 1]
[4889, 545, 1]
[4890, 676, 1]
[4891, 955, 1]
[4892, 16, 1]
[4893, 859, 1]
[4894, 1072, 1]
[4895, 631, 1]
[4896, 55, 1]
[4897, 688, 1]
[4898, 1908, 1]
[4899, 952, 1]
[4900, 125, 1]
[4901, 454, 1]
[4901, 1780, 1]
[4901, 749, 1]
[4901, 695, 1]
[4901, 454, 1]
[4901, 454, 1]
[4902, 545, 1]
[4903, 80, 1]
[4904, 2584, 1]
[4905, 4717, 1]
[4905, 4906, -1]
[4907, 250, 1]
[4908, 750, 1]
[4909, 189, 1]
[4910, 329, 1]
[4911, 489, 1]
[4912, 4358, 1]
[4912, 4358, 1]
[4913, 1189, 1]
[4914, 4915, 1]
[4914, 4916, 1]
[4914, 4917, 1]
[4914, 4918, 1]
[4914, 4919, 1]
[4914, 4920, 1]
[4914, 3020, 1]
[4914, 4921, 1]
[4914, 3543, 1]
[4914, 4922, 1]
[4914, 3815, 1]
[4914, 4923, 1]
[4914, 4924, 1]
[4914, 4925, 1]
[4914, 4926, 1]
[4914, 4927, 1]
[4914, 4928, 1]
[4914, 4929, 1]
[4914, 4930, 1]
[4914, 4931, 1]
[4914, 3626, 1]
[4914, 4932, 1]
[4914, 4933, 1]
[4914, 4934, 1]
[4914, 4935, 1]
[4914, 2589, 1]
[4914, 938, -1]
[4936, 3704, 1]
[4937, 250, 1]
[4938, 507, 1]
[4939, 250, 1]
[4940, 1649, 1]
[4941, 29, 1]
[4942, 879, 1]
[4942, 1631, 1]
[4942, 3562, 1]
[4943, 368, 1]
[4944, 195, 1]
[4945, 1133, 1]
[4946, 80, 1]
[4947, 884, 1]
[4948, 560, 1]
[4949, 464, 1]
[4949, 60, 1]
[4949, 1585, 1]
[4949, 1070, 1]
[4950, 1159, 1]
[4951, 4952, 1]
[4951, 3552, 1]
[4951, 4953, -1]
[4951, 4954, -1]
[4955, 250, 1]
[4956, 250, 1]
[4957, 4331, 1]
[4957, 4958, 1]
[4957, 4959, 1]
[4957, 2970, 1]
[4957, 1517, -1]
[4960, 3552, 1]
[4961, 2196, 1]
[4961, 4962, -1]
[4963, 749, 1]
[4964, 4255, 1]
[4965, 4966, 1]
[4966, 4967, -1]
[4966, 3585, -1]
[4966, 1230, -1]
[4968, 1472, 1]
[4969, 659, 1]
[4970, 1434, 1]
[4971, 1622, 1]
[4972, 245, 1]
[4973, 77, 1]
[4973, 3678, 1]
[4973, 691, 1]
[4974, 1174, 1]
[4975, 750, 1]
[4975, 2260, 1]
[4975, 4976, 1]
[4976, 4977, -1]
[4978, 540, 1]
[4978, 1044, 1]
[4979, 938, 1]
[4980, 2620, 1]
[4981, 197, 1]
[4982, 82, 1]
[4983, 1282, 1]
[4984, 2224, 1]
[4984, 4693, 1]
[4984, 1116, 1]
[4985, 80, 1]
[4986, 3002, 1]
[4987, 1252, 1]
[4988, 18, 1]
[4988, 1042, 1]
[4988, 16, 1]
[4989, 1135, 1]
[4990, 197, 1]
[4991, 2170, 1]
[4992, 3786, 1]
[4993, 762, 1]
[4993, 1885, 1]
[4993, 699, -1]
[4994, 879, 1]
[4995, 88, 1]
[4996, 80, 1]
[4997, 82, 1]
[4998, 650, 1]
[4999, 633, 1]
[5000, 5001, 1]
[5000, 1198, 1]
[5000, 5002, 1]
[5000, 780, 1]
[5000, 3742, 1]
[5000, 57, -1]
[5003, 950, 1]
[5004, 3785, 1]
[5005, 82, 1]
[5006, 3075, 1]
[5006, 4885, 1]
[5007, 1993, 1]
[5007, 1034, -1]
[5008, 1525, 1]
[5009, 82, 1]
[5010, 1599, 1]
[5012, 2267, 1]
[5013, 5014, 1]
[5014, 5015, -1]
[5016, 274, 1]
[5017, 60, 1]
[5018, 1710, 1]
[5019, 2585, 1]
[5019, 584, 1]
[5020, 12, 1]
[5020, 1786, 1]
[5020, 5021, -1]
[5022, 4976, 1]
[5023, 249, 1]
[5025, 696, 1]
[5026, 80, 1]
[5028, 462, 1]
[5029, 756, 1]
[5030, 4557, 1]
[5031, 3685, 1]
[5033, 2064, 1]
[5034, 915, 1]
[5035, 5036, 1]
[5036, 5037, -1]
[5038, 2009, 1]
[5039, 5040, 1]
[5040, 5041, -1]
[5042, 344, 1]
[5042, 807, 1]
[5042, 1199, 1]
[5042, 507, 1]
[5042, 593, 1]
[5042, 5043, 1]
[5042, 5044, 1]
[5042, 1923, 1]
[5042, 5045, 1]
[5042, 5046, 1]
[5042, 5047, 1]
[5042, 5048, 1]
[5042, 5049, 1]
[5042, 5050, 1]
[5042, 3191, 1]
[5042, 509, 1]
[5042, 546, 1]
[5042, 552, -1]
[5051, 759, 1]
[5052, 232, 1]
[5053, 250, 1]
[5054, 2900, 1]
[5054, 2170, 1]
[5054, 1317, 1]
[5054, 839, 1]
[5055, 4071, 1]
[5056, 250, 1]
[5057, 1135, 1]
[5058, 1518, 1]
[5059, 5060, 1]
[5060, 5061, -1]
[5062, 213, 1]
[5062, 2638, 1]
[5063, 228, 1]
[5064, 21, 1]
[5065, 5066, 1]
[5066, 5067, -1]
[5068, 808, 1]
[5068, 1429, 1]
[5068, 968, 1]
[5068, 577, 1]
[5068, 181, 1]
[5068, 184, 1]
[5069, 164, 1]
[5069, 2625, 1]
[5069, 757, 1]
[5069, 231, 1]
[5069, 593, 1]
[5069, 757, 1]
[5069, 14, 1]
[5070, 1041, 1]
[5071, 5072, 1]
[5072, 429, -1]
[5074, 274, 1]
[5075, 426, 1]
[5076, 1586, 1]
[5077, 3028, 1]
[5078, 3508, 1]
[5079, 1, 1]
[5080, 80, 1]
[5081, 1037, 1]
[5082, 5083, 1]
[5082, 5084, 1]
[5082, 5085, 1]
[5082, 4801, 1]
[5082, 5086, 1]
[5082, 5087, 1]
[5082, 1675, 1]
[5082, 5088, 1]
[5082, 5089, 1]
[5082, 2609, 1]
[5082, 1368, -1]
[5090, 1857, 1]
[5091, 1265, 1]
[5092, 4458, 1]
[5092, 281, 1]
[5092, 80, 1]
[5092, 597, 1]
[5093, 1901, 1]
[5093, 834, 1]
[5094, 540, 1]
[5095, 3133, 1]
[5096, 984, 1]
[5096, 984, 1]
[5097, 4435, 1]
[5098, 1322, 1]
[5099, 219, 1]
[5100, 1002, 1]
[5101, 752, 1]
[5102, 80, 1]
[5103, 1766, 1]
[5104, 2226, 1]
[5105, 2581, 1]
[5106, 5107, 1]
[5107, 5108, -1]
[5109, 631, 1]
[5109, 1130, 1]
[5109, 1199, 1]
[5109, 778, 1]
[5109, 1589, 1]
[5110, 84, 1]
[5111, 5112, 1]
[5112, 5113, -1]
[5114, 80, 1]
[5115, 273, 1]
[5116, 1284, 1]
[5116, 5117, 1]
[5116, 851, 1]
[5116, 5118, 1]
[5116, 5119, 1]
[5116, 136, 1]
[5116, 5120, 1]
[5120, 5121, -1]
[5116, 5122, 1]
[5116, 5123, 1]
[5116, 5124, 1]
[5116, 1674, 1]
[5116, 853, -1]
[5125, 5066, 1]
[5125, 1528, 1]
[5126, 2062, 1]
[5126, 662, 1]
[5127, 939, 1]
[5128, 2, 1]
[5129, 1069, 1]
[5130, 134, 1]
[5130, 3101, 1]
[5131, 1234, 1]
[5131, 1185, -1]
[5132, 3205, 1]
[5133, 5134, 1]
[5134, 5135, -1]
[5136, 1643, 1]
[5137, 1145, 1]
[5138, 1199, 1]
[5138, 871, 1]
[5139, 82, 1]
[5140, 135, 1]
[5141, 234, 1]
[5142, 5143, 1]
[5142, 5144, 1]
[5142, 5145, 1]
[5142, 5146, -1]
[5147, 1716, 1]
[5148, 451, 1]
[5149, 1130, 1]
[5150, 3839, 1]
[5151, 5152, 1]
[5152, 5153, -1]
[5154, 256, 1]
[5155, 1891, 1]
[5156, 5157, 1]
[5156, 5158, -1]
[5159, 5160, 1]
[5160, 5161, -1]
[5162, 2794, 1]
[5163, 5164, 1]
[5164, 5165, -1]
[5166, 2547, 1]
[5167, 1973, 1]
[5168, 115, 1]
[5168, 467, 1]
[5169, 5170, 1]
[5169, 5171, 1]
[5169, 5172, -1]
[5173, 2190, 1]
[5174, 5175, 1]
[5175, 5176, -1]
[5174, 2818, 1]
[5177, 2200, 1]
[5177, 1258, 1]
[5177, 4953, -1]
[5177, 4953, -1]
[5178, 5179, 1]
[5179, 5180, -1]
[5181, 249, 1]
[5182, 822, 1]
[5183, 849, 1]
[5184, 5185, 1]
[5184, 5186, 1]
[5184, 163, 1]
[5184, 5187, -1]
[5188, 905, 1]
[5189, 5190, 1]
[5190, 5191, -1]
[5192, 281, 1]
[5193, 45, 1]
[5194, 329, 1]
[5196, 2090, 1]
[5197, 278, 1]
[5198, 5199, 1]
[5199, 5200, -1]
[5199, 5201, -1]
[5202, 136, 1]
[5203, 3846, 1]
[5204, 2918, 1]
[5205, 1206, 1]
[5206, 138, 1]
[5207, 2900, 1]
[5208, 1059, 1]
[5209, 2044, 1]
[5210, 1107, 1]
[5211, 170, 1]
[5212, 1029, 1]
[5213, 253, 1]
[5213, 135, 1]
[5214, 2763, 1]
[5215, 752, 1]
[5216, 518, 1]
[5217, 1907, 1]
[5218, 2515, 1]
[5219, 134, 1]
[5220, 1136, 1]
[5221, 4183, 1]
[5222, 123, 1]
[5223, 250, 1]
[5224, 3688, 1]
[5224, 5225, 1]
[5224, 5226, 1]
[5224, 5227, 1]
[5224, 351, 1]
[5224, 1685, -1]
[5228, 250, 1]
[5229, 250, 1]
[5230, 709, 1]
[5230, 3845, 1]
[5231, 250, 1]
[5232, 4857, 1]
[5232, 219, 1]
[5232, 4858, 1]
[5232, 4859, 1]
[5232, 1853, 1]
[5232, 4860, 1]
[5232, 4861, 1]
[5232, 4866, -1]
[5233, 584, 1]
[5234, 178, 1]
[5234, 584, 1]
[5235, 563, 1]
[5235, 631, 1]
[5235, 1810, 1]
[5236, 1688, 1]
[5237, 1448, 1]
[5238, 128, 1]
[5238, 260, 1]
[5238, 5239, 1]
[5239, 5240, -1]
[5241, 631, 1]
[5242, 1927, 1]
[5243, 939, 1]
[5244, 323, 1]
[5245, 932, 1]
[5246, 979, 1]
[5246, 189, 1]
[5246, 975, 1]
[5247, 1988, 1]
[5248, 542, 1]
[5248, 631, 1]
[5249, 1180, 1]
[5250, 579, 1]
[5251, 257, 1]
[5251, 540, 1]
[5252, 5253, 1]
[5253, 5254, -1]
[5252, 1033, 1]
[5252, 1199, 1]
[5252, 1060, 1]
[5252, 1133, 1]
[5252, 3785, 1]
[5255, 3723, 1]
[5256, 1649, 1]
[5257, 3229, 1]
[5258, 16, 1]
[5259, 2483, 1]
[5260, 225, 1]
[5260, 362, 1]
[5261, 648, 1]
[5262, 3534, 1]
[5263, 1365, 1]
[5264, 249, 1]
[5265, 1121, 1]
[5265, 2547, 1]
[5266, 1096, 1]
[5267, 964, 1]
[5268, 416, 1]
[5269, 4189, 1]
[5270, 579, 1]
[5271, 1602, 1]
[5272, 1942, 1]
[5273, 821, 1]
[5274, 263, 1]
[5274, 1605, 1]
[5275, 752, 1]
[5275, 589, 1]
[5276, 1199, 1]
[5277, 234, 1]
[5278, 2249, 1]
[5279, 5280, 1]
[5279, 5281, -1]
[5279, 5282, -1]
[5283, 614, 1]
[5283, 5284, -1]
[5285, 975, 1]
[5286, 1713, 1]
[5287, 5288, 1]
[5287, 5289, 1]
[5287, 5290, 1]
[5287, 5291, 1]
[5287, 4461, 1]
[5287, 5292, -1]
[5293, 1803, 1]
[5293, 4528, 1]
[5293, 5294, -1]
[5295, 1569, 1]
[5296, 134, 1]
[5297, 4461, 1]
[5297, 5006, 1]
[5297, 5298, 1]
[5297, 3076, -1]
[5299, 5300, 1]
[5299, 5301, 1]
[5299, 5302, 1]
[5299, 318, 1]
[5299, 5303, -1]
[5304, 3569, 1]
[5305, 786, 1]
[5306, 1907, 1]
[5307, 935, 1]
[5307, 5308, 1]
[5308, 5309, -1]
[5307, 1605, 1]
[5310, 1311, 1]
[5311, 1570, 1]
[5312, 5313, 1]
[5313, 5314, -1]
[5315, 82, 1]
[5316, 3224, 1]
[5316, 1978, 1]
[5316, 423, 1]
[5316, 245, 1]
[5316, 367, 1]
[5316, 4490, 1]
[5316, 1002, 1]
[5316, 1002, 1]
[5316, 749, 1]
[5316, 695, 1]
[5317, 289, 1]
[5317, 3138, 1]
[5317, 282, 1]
[5318, 879, 1]
[5319, 5320, 1]
[5320, 2734, -1]
[5321, 250, 1]
[5322, 1338, 1]
[5323, 5324, 1]
[5324, 572, -1]
[5323, 5325, -1]
[5326, 380, 1]
[5327, 582, 1]
[5327, 582, 1]
[5328, 340, 1]
[5330, 1143, 1]
[5331, 3066, 1]
[5332, 250, 1]
[5333, 5334, 1]
[5333, 5335, 1]
[5333, 2551, -1]
[5336, 80, 1]
[5337, 661, 1]
[5339, 1037, 1]
[5340, 249, 1]
[5341, 2763, 1]
[5341, 4357, 1]
[5342, 1037, 1]
[5343, 2636, 1]
[5344, 650, 1]
[5345, 125, 1]
[5346, 1398, 1]
[5347, 426, 1]
[5347, 481, 1]
[5348, 1156, 1]
[5349, 4783, 1]
[5350, 3399, 1]
[5351, 1153, 1]
[5352, 631, 1]
[5352, 2166, 1]
[5352, 4129, 1]
[5353, 1231, 1]
[5354, 5355, 1]
[5355, 5356, -1]
[5357, 5358, 1]
[5357, 5359, -1]
[5357, 5359, -1]
[5357, 5360, -1]
[5361, 5362, 1]
[5362, 881, -1]
[5361, 760, 1]
[5363, 867, 1]
[5364, 908, 1]
[5365, 401, 1]
[5366, 5367, 1]
[5366, 5368, -1]
[5369, 250, 1]
[5370, 1660, 1]
[5371, 250, 1]
[5372, 5373, 1]
[5373, 5374, -1]
[5375, 428, 1]
[5376, 2822, 1]
[5376, 5377, 1]
[5376, 5378, 1]
[5376, 5379, 1]
[5376, 5380, 1]
[5376, 5381, 1]
[5376, 1500, 1]
[5376, 5382, 1]
[5376, 541, 1]
[5376, 5383, 1]
[5376, 4023, 1]
[5376, 5384, 1]
[5376, 5385, 1]
[5376, 5386, 1]
[5376, 1812, 1]
[5376, 5128, 1]
[5376, 5387, 1]
[5376, 3130, 1]
[5376, 5388, 1]
[5376, 5389, 1]
[5376, 5390, 1]
[5376, 5391, 1]
[5376, 5392, 1]
[5376, 5393, 1]
[5376, 5394, 1]
[5376, 5124, 1]
[5376, 5395, 1]
[5376, 5386, 1]
[5376, 5396, 1]
[5376, 5397, 1]
[5376, 1372, 1]
[5376, 5398, 1]
[5376, 5399, 1]
[5376, 4369, 1]
[5376, 1083, 1]
[5376, 4591, 1]
[5376, 1812, 1]
[5376, 5400, 1]
[5376, 1131, 1]
[5376, 246, 1]
[5376, 1, -1]
[5376, 340, -1]
[5376, 1, -1]
[5376, 2581, -1]
[5401, 2018, 1]
[5401, 5402, 1]
[5401, 5403, 1]
[5401, 2302, 1]
[5401, 5404, 1]
[5401, 5405, 1]
[5401, 5406, 1]
[5401, 5407, 1]
[5401, 5408, 1]
[5401, 999, -1]
[5409, 1146, 1]
[5410, 2090, 1]
[5410, 60, 1]
[5411, 1072, 1]
[5412, 974, 1]
[5413, 5414, 1]
[5414, 5415, -1]
[5416, 571, 1]
[5417, 3136, 1]
[5417, 434, 1]
[5418, 2718, 1]
[5418, 1434, 1]
[5418, 535, 1]
[5418, 2721, -1]
[5418, 2721, -1]
[5419, 197, 1]
[5419, 1126, 1]
[5419, 128, 1]
[5420, 5421, 1]
[5421, 1703, -1]
[5420, 5422, 1]
[5422, 4379, -1]
[5420, 4378, 1]
[5420, 5415, 1]
[5423, 228, 1]
[5423, 4404, 1]
[5424, 1661, 1]
[5425, 118, 1]
[5425, 5426, -1]
[5427, 499, 1]
[5428, 483, 1]
[5428, 351, 1]
[5428, 5429, -1]
[5430, 926, 1]
[5430, 1065, 1]
[5431, 3133, 1]
[5432, 2474, 1]
[5433, 1147, 1]
[5434, 244, 1]
[5434, 2889, 1]
[5435, 319, 1]
[5436, 2133, 1]
[5437, 930, 1]
[5438, 249, 1]
[5439, 1083, 1]
[5439, 1853, 1]
[5439, 2099, 1]
[5440, 29, 1]
[5441, 3138, 1]
[5442, 3028, 1]
[5443, 5444, 1]
[5443, 5445, 1]
[5443, 3512, -1]
[5446, 208, 1]
[5446, 2640, 1]
[5447, 750, 1]
[5448, 2170, 1]
[5449, 138, 1]
[5450, 2581, 1]
[5451, 4379, 1]
[5452, 234, 1]
[5452, 3555, 1]
[5453, 1993, 1]
[5454, 1661, 1]
[5454, 849, 1]
[5455, 5456, 1]
[5455, 630, 1]
[5455, 5457, 1]
[5455, 5458, 1]
[5455, 709, 1]
[5455, 5459, 1]
[5455, 5460, -1]
[5461, 5462, 1]
[5462, 5463, -1]
[5464, 419, 1]
[5465, 82, 1]
[5466, 2891, 1]
[5467, 2277, 1]
[5468, 1713, 1]
[5468, 5469, -1]
[5471, 295, 1]
[5471, 274, 1]
[5471, 852, 1]
[5471, 5472, 1]
[5472, 3487, -1]
[5471, 2640, 1]
[5473, 1037, 1]
[5474, 5475, 1]
[5474, 5476, 1]
[5474, 5477, 1]
[5474, 3163, 1]
[5474, 5478, -1]
[5479, 250, 1]
[5480, 3371, 1]
[5481, 250, 1]
[5482, 233, 1]
[5483, 55, 1]
[5484, 2349, 1]
[5485, 3534, 1]
[5485, 1398, 1]
[5486, 319, 1]
[5487, 318, 1]
[5488, 1312, 1]
[5489, 3384, 1]
[5490, 5491, 1]
[5490, 2364, 1]
[5490, 5492, -1]
[5493, 541, 1]
[5494, 274, 1]
[5494, 274, 1]
[5494, 1592, 1]
[5494, 413, 1]
[5495, 5496, 1]
[5496, 5497, -1]
[5495, 1993, 1]
[5495, 246, 1]
[5498, 188, 1]
[5499, 1063, 1]
[5499, 3776, 1]
[5499, 3777, -1]
[5500, 4258, 1]
[5500, 278, 1]
[5501, 845, 1]
[5501, 832, 1]
[5502, 3999, 1]
[5503, 1896, 1]
[5504, 2014, 1]
[5504, 1236, 1]
[5505, 1477, 1]
[5505, 1478, 1]
[5505, 1479, 1]
[5505, 660, -1]
[5505, 1480, -1]
[5505, 1481, -1]
[5506, 4640, 1]
[5507, 250, 1]
[5508, 1322, 1]
[5508, 1034, 1]
[5509, 5510, 1]
[5509, 398, -1]
[5511, 760, 1]
[5512, 3525, 1]
[5513, 1113, 1]
[5514, 1518, 1]
[5515, 871, 1]
[5516, 5517, 1]
[5516, 5517, 1]
[5516, 1265, 1]
[5516, 5518, 1]
[5516, 5519, 1]
[5516, 5520, -1]
[5516, 4651, -1]
[5521, 2292, 1]
[5522, 518, 1]
[5523, 1092, 1]
[5524, 282, 1]
[5525, 815, 1]
[5525, 585, 1]
[5526, 1342, 1]
[5528, 134, 1]
[5529, 249, 1]
[5530, 250, 1]
[5531, 1388, 1]
[5532, 170, 1]
[5533, 123, 1]
[5534, 281, 1]
[5535, 134, 1]
[5535, 2301, 1]
[5536, 955, 1]
[5537, 797, 1]
[5538, 5539, 1]
[5538, 5540, 1]
[5538, 5541, 1]
[5538, 5542, 1]
[5538, 1665, 1]
[5538, 976, 1]
[5538, 1667, -1]
[5543, 1435, 1]
[5543, 4010, 1]
[5544, 699, 1]
[5544, 5545, 1]
[5545, 5546, -1]
[5544, 2585, 1]
[5544, 1802, 1]
[5547, 1455, 1]
[5548, 984, 1]
[5548, 458, 1]
[5549, 5550, 1]
[5550, 5551, -1]
[5552, 2829, 1]
[5553, 1072, 1]
[5554, 507, 1]
[5554, 4828, 1]
[5554, 4378, 1]
[5554, 2, 1]
[5555, 565, 1]
[5556, 138, 1]
[5557, 329, 1]
[5558, 4071, 1]
[5559, 1942, 1]
[5560, 3682, 1]
[5560, 40, 1]
[5560, 584, 1]
[5560, 2584, 1]
[5561, 576, 1]
[5561, 1265, 1]
[5561, 543, 1]
[5561, 426, 1]
[5562, 329, 1]
[5563, 4742, 1]
[5564, 3373, 1]
[5565, 62, 1]
[5566, 677, 1]
[5566, 1017, 1]
[5567, 82, 1]
[5568, 5569, 1]
[5568, 5570, 1]
[5568, 5571, -1]
[5572, 197, 1]
[5573, 1907, 1]
[5573, 3148, 1]
[5574, 5575, 1]
[5574, 2426, 1]
[5574, 1456, -1]
[5576, 1083, 1]
[5577, 5578, 1]
[5578, 5579, -1]
[5580, 2818, 1]
[5581, 1803, 1]
[5582, 1357, 1]
[5583, 1810, 1]
[5584, 1627, 1]
[5584, 2452, 1]
[5585, 170, 1]
[5586, 1622, 1]
[5586, 345, 1]
[5586, 345, 1]
[5587, 417, 1]
[5588, 5589, 1]
[5588, 3888, 1]
[5588, 5067, -1]
[5590, 1083, 1]
[5591, 69, 1]
[5592, 938, 1]
[5593, 2818, 1]
[5594, 2994, 1]
[5595, 3448, 1]
[5596, 533, 1]
[5597, 1278, 1]
[5598, 3873, 1]
[5599, 434, 1]
[5600, 387, 1]
[5601, 2529, 1]
[5602, 345, 1]
[5603, 307, 1]
[5604, 1973, 1]
[5605, 5606, 1]
[5606, 5607, -1]
[5606, 5607, -1]
[5605, 4099, 1]
[5608, 2906, 1]
[5609, 5373, 1]
[5610, 1792, 1]
[5611, 3827, 1]
[5612, 1061, 1]
[5613, 746, 1]
[5614, 5615, 1]
[5615, 5616, -1]
[5614, 2082, 1]
[5614, 930, -1]
[5617, 1662, 1]
[5618, 1041, 1]
[5618, 465, 1]
[5618, 582, 1]
[5619, 510, 1]
[5620, 3636, 1]
[5621, 1198, 1]
[5621, 1198, 1]
[5623, 1519, 1]
